6 0.50390625 0.531494140625 0.2552083333333333 0.08154296875
0 0.125 0.492431640625 0.16015625 0.05810546875
0 0.3629557291666667 0.369384765625 0.17643229166666666 0.05615234375
0 0.037109375 0.02783203125 0.07421875 0.05078125
0 0.044270833333333336 0.094482421875 0.08854166666666667 0.04736328125
6 0.21875 0.581787109375 0.15494791666666666 0.04541015625
0 0.3424479166666667 0.060302734375 0.13411458333333334 0.04443359375
0 0.4495442708333333 0.033935546875 0.021484375 0.04052734375
0 0.24772135416666666 0.08642578125 0.10872395833333333 0.0380859375
0 0.3655598958333333 0.204345703125 0.08919270833333333 0.03564453125
0 0.3424479166666667 0.137451171875 0.11979166666666667 0.03564453125
0 0.6318359375 0.17822265625 0.08658854166666667 0.03515625
0 0.5621744791666666 0.135009765625 0.08919270833333333 0.03369140625
0 0.6516927083333334 0.122802734375 0.08463541666666667 0.03173828125
0 0.5758463541666666 0.0283203125 0.07747395833333333 0.03125
0 0.5247395833333334 0.180419921875 0.06901041666666667 0.03076171875
0 0.4541015625 0.12451171875 0.080078125 0.0302734375
0 0.5436197916666666 0.02001953125 0.06770833333333333 0.029296875
0 0.1904296875 0.40673828125 0.13606770833333334 0.0283203125
0 0.2294921875 0.05615234375 0.07747395833333333 0.0283203125
0 0.546875 0.169921875 0.07421875 0.02734375
0 0.3307291666666667 0.118896484375 0.1171875 0.02587890625
0 0.5055338541666666 0.187744140625 0.064453125 0.02490234375
0 0.4010416666666667 0.17138671875 0.06901041666666667 0.0224609375