0 0.4781901041666667 0.518310546875 0.4837239583333333 0.33056640625
0 0.3948567708333333 0.104736328125 0.208984375 0.20947265625
0 0.8717447916666666 0.717041015625 0.16796875 0.18603515625
0 0.8216145833333334 0.566162109375 0.13411458333333334 0.14404296875
0 0.9254557291666666 0.541015625 0.09309895833333333 0.1240234375
0 0.9208984375 0.43701171875 0.158203125 0.1123046875
0 0.9495442708333334 0.795166015625 0.10091145833333333 0.07666015625
0 0.7884114583333334 0.916015625 0.0703125 0.0634765625
0 0.8753255208333334 0.871826171875 0.09830729166666667 0.06201171875
0 0.2845052083333333 0.84765625 0.07682291666666667 0.0517578125
0 0.7434895833333334 0.7861328125 0.07421875 0.0517578125
0 0.6787109375 0.778564453125 0.050130208333333336 0.05126953125
0 0.4840494791666667 0.91552734375 0.14518229166666666 0.0498046875
0 0.4016927083333333 0.844970703125 0.09244791666666667 0.04541015625
0 0.6383463541666666 0.861083984375 0.07877604166666667 0.04443359375
0 0.15787760416666666 0.906005859375 0.115234375 0.04345703125
0 0.035807291666666664 0.925048828125 0.07161458333333333 0.04248046875
0 0.55078125 0.818603515625 0.09505208333333333 0.04248046875
0 0.7688802083333334 0.743408203125 0.049479166666666664 0.04052734375
0 0.513671875 0.86865234375 0.07161458333333333 0.0390625
0 0.205078125 0.86328125 0.08463541666666667 0.037109375
0 0.6028645833333334 0.801025390625 0.07552083333333333 0.03076171875
0 0.697265625 0.851318359375 0.045572916666666664 0.08544921875