1 0.08365885416666667 0.834716796875 0.15950520833333334 0.11669921875
1 0.3404947916666667 0.127685546875 0.09895833333333333 0.11376953125
1 0.6712239583333334 0.888916015625 0.10546875 0.11279296875
1 0.2978515625 0.375244140625 0.21549479166666666 0.10302734375
1 0.9573567708333334 0.658447265625 0.08528645833333333 0.10107421875
1 0.4973958333333333 0.47021484375 0.14973958333333334 0.1005859375
1 0.4029947916666667 0.220947265625 0.16927083333333334 0.09912109375
1 0.0546875 0.354248046875 0.109375 0.09814453125
1 0.20345052083333334 0.94189453125 0.119140625 0.091796875
1 0.06803385416666667 0.463134765625 0.13606770833333334 0.09228515625
1 0.13020833333333334 0.04345703125 0.18880208333333334 0.0869140625
1 0.2786458333333333 0.50830078125 0.15885416666666666 0.0859375
1 0.4925130208333333 0.815673828125 0.126953125 0.07275390625
1 0.5667317708333334 0.342041015625 0.14127604166666666 0.06494140625
1 0.037760416666666664 0.96728515625 0.07552083333333333 0.064453125
1 0.7138671875 0.61962890625 0.14778645833333334 0.0625
1 0.9791666666666666 0.17724609375 0.040364583333333336 0.0458984375