0 0.8861111111111111 0.60625 0.12037037037037036 0.07708333333333334
0 0.9680555555555556 0.5458333333333333 0.06388888888888888 0.071875
0 0.6805555555555556 0.60546875 0.1259259259259259 0.05364583333333333
0 0.7837962962962963 0.23098958333333333 0.12129629629629629 0.0515625
0 0.7263888888888889 0.17916666666666667 0.14537037037037037 0.051041666666666666
0 0.9319444444444445 0.2799479166666667 0.1361111111111111 0.04635416666666667
0 0.4444444444444444 0.45260416666666664 0.07962962962962963 0.03333333333333333
0 0.5425925925925926 0.48489583333333336 0.08148148148148149 0.027083333333333334
0 0.4615740740740741 0.4161458333333333 0.062037037037037036 0.023958333333333335
0 0.5611111111111111 0.40338541666666666 0.03333333333333333 0.0078125
6 0.41203703703703703 0.37890625 0.4 0.08802083333333334