0 0.3440755208333333 0.4267578125 0.4069010416666667 0.2119140625
0 0.6868489583333334 0.41796875 0.234375 0.205078125
4 0.5804036458333334 0.645263671875 0.279296875 0.12451171875
0 0.2708333333333333 0.34130859375 0.1953125 0.1240234375
0 0.06673177083333333 0.822265625 0.09830729166666667 0.1171875
0 0.1982421875 0.572021484375 0.08138020833333333 0.09326171875
0 0.15364583333333334 0.448486328125 0.06510416666666667 0.09228515625
0 0.038411458333333336 0.64208984375 0.07682291666666667 0.076171875
0 0.0966796875 0.62646484375 0.10872395833333333 0.0693359375
0 0.09309895833333333 0.7529296875 0.18619791666666666 0.0654296875
0 0.1611328125 0.681396484375 0.08658854166666667 0.06201171875
4 0.6106770833333334 0.1494140625 0.4348958333333333 0.2841796875