0 0.7620370370370371 0.24075520833333333 0.18333333333333332 0.04921875
0 0.8337962962962963 0.20859375 0.11018518518518519 0.04114583333333333
0 0.7069444444444445 0.08059895833333333 0.09351851851851851 0.04453125
0 0.6858796296296297 0.041666666666666664 0.10694444444444444 0.034375
0 0.867824074074074 0.08229166666666667 0.0912037037037037 0.03229166666666667
0 0.9291666666666667 0.1734375 0.075 0.0375
0 0.1699074074074074 0.24205729166666667 0.14166666666666666 0.05807291666666667
0 0.37083333333333335 0.25052083333333336 0.175 0.08541666666666667
0 0.3921296296296296 0.25625 0.125 0.057291666666666664
0 0.5310185185185186 0.250390625 0.10462962962962963 0.062239583333333334
0 0.060648148148148145 0.5794270833333334 0.11574074074074074 0.08072916666666667
0 0.9287037037037037 0.2328125 0.14074074074074075 0.052083333333333336
0 0.9513888888888888 0.2598958333333333 0.09722222222222222 0.03125
0 0.8342592592592593 0.3190104166666667 0.09074074074074075 0.04114583333333333
0 0.8166666666666667 0.31953125 0.037037037037037035 0.05364583333333333
0 0.3925925925925926 0.20963541666666666 0.05555555555555555 0.025520833333333333
0 0.22453703703703703 0.24765625 0.06944444444444445 0.049479166666666664
0 0.5254629629629629 0.18463541666666666 0.019444444444444445 0.009895833333333333
0 0.4615740740740741 0.1890625 0.017592592592592594 0.009375
0 0.25277777777777777 0.11380208333333333 0.027777777777777776 0.011979166666666667
0 0.9259259259259259 0.44817708333333334 0.14074074074074075 0.09635416666666667
0 0.7402777777777778 0.41302083333333334 0.1638888888888889 0.09895833333333333
0 0.44074074074074077 0.42083333333333334 0.13518518518518519 0.09479166666666666
0 0.3175925925925926 0.5111979166666667 0.14444444444444443 0.09114583333333333
0 0.25601851851851853 0.55703125 0.13425925925925927 0.08489583333333334
0 0.513425925925926 0.6390625 0.19722222222222222 0.11145833333333334
0 0.4759259259259259 0.5528645833333333 0.07222222222222222 0.10260416666666666
0 0.5175925925925926 0.5322916666666667 0.07777777777777778 0.10104166666666667
0 0.5949074074074074 0.4973958333333333 0.11018518518518519 0.09166666666666666
0 0.6657407407407407 0.5739583333333333 0.0962962962962963 0.08229166666666667
0 0.6921296296296297 0.45989583333333334 0.12314814814814815 0.08125
0 0.7541666666666667 0.5299479166666666 0.14166666666666666 0.0953125
0 0.8236111111111111 0.48385416666666664 0.1638888888888889 0.11041666666666666
0 0.8333333333333334 0.5625 0.1425925925925926 0.08125
0 0.825 0.6205729166666667 0.14074074074074075 0.07864583333333333
0 0.9527777777777777 0.5377604166666666 0.09444444444444444 0.09010416666666667
0 0.9175925925925926 0.59765625 0.12407407407407407 0.09427083333333333