0 0.43669394841269843 0.40914351851851855 0.0822172619047619 0.05042989417989418
0 0.41908482142857145 0.53505291005291 0.06882440476190477 0.05357142857142857
0 0.466765873015873 0.6046626984126984 0.0873015873015873 0.060515873015873016
0 0.7588045634920635 0.6653439153439153 0.13020833333333334 0.0667989417989418
0 0.744171626984127 0.562582671957672 0.109375 0.07556216931216932
0 0.7262524801587301 0.5827546296296297 0.10230654761904762 0.0775462962962963
0 0.5091765873015873 0.7268518518518519 0.08680555555555555 0.04365079365079365
0 0.7281746031746031 0.9027777777777778 0.12748015873015872 0.10383597883597884
0 0.11588541666666667 0.4489087301587302 0.22234623015873015 0.16567460317460317
0 0.1537078373015873 0.3473048941798942 0.20027281746031747 0.11921296296296297
0 0.33916170634920634 0.5159556878306878 0.058779761904761904 0.05505952380952381
0 0.3603670634920635 0.6214451058201058 0.08978174603174603 0.058366402116402115
0 0.5675223214285714 0.5070271164021164 0.08990575396825397 0.05704365079365079
0 0.5932539682539683 0.44303902116402116 0.07490079365079365 0.06398809523809523
0 0.9527529761904762 0.6364087301587301 0.09449404761904762 0.07175925925925926
0 0.5892857142857143 0.6013558201058201 0.062003968253968256 0.036044973544973546
0 0.45783730158730157 0.470734126984127 0.07490079365079365 0.059854497354497355
0 0.6877480158730159 0.5256283068783069 0.08382936507936507 0.0419973544973545
0 0.32849702380952384 0.6003637566137566 0.05530753968253968 0.04398148148148148
0 0.2378472222222222 0.5706018518518519 0.10168650793650794 0.05191798941798942
0 0.3220486111111111 0.533068783068783 0.06671626984126984 0.04894179894179894
0 0.3834325396825397 0.4138558201058201 0.060515873015873016 0.04398148148148148
0 0.13566468253968253 0.2610780423280423 0.04117063492063492 0.07374338624338625
0 0.35280257936507936 0.3169642857142857 0.17733134920634921 0.08763227513227513
0 0.6853918650793651 0.353505291005291 0.03149801587301587 0.037037037037037035
0 0.24156746031746032 0.4697420634920635 0.07490079365079365 0.03207671957671958
0 0.8670634920634921 0.8129960317460317 0.034722222222222224 0.08366402116402116
0 0.8278769841269841 0.8338293650793651 0.034722222222222224 0.07771164021164022
0 0.7834821428571429 0.9437830687830688 0.08283730158730158 0.05555555555555555
0 0.2631448412698413 0.3698743386243386 0.052083333333333336 0.050595238095238096
0 0.22284226190476192 0.3854166666666667 0.06721230158730158 0.03670634920634921
0 0.9289434523809523 0.6593915343915344 0.046378968253968256 0.051587301587301584
0 0.9654017857142857 0.75 0.03943452380952381 0.056216931216931214
0 0.5314980158730159 0.4623015873015873 0.025793650793650792 0.027116402116402115
0 0.5700644841269841 0.49437830687830686 0.050347222222222224 0.03571428571428571
0 0.6847718253968254 0.5077711640211641 0.08680555555555555 0.10284391534391535
0 0.2740575396825397 0.638558201058201 0.06001984126984127 0.04497354497354497
0 0.48462301587301587 0.2620701058201058 0.03273809523809524 0.03670634920634921
0 0.45771329365079366 0.26587301587301587 0.03050595238095238 0.023148148148148147
0 0.45101686507936506 0.2959656084656085 0.03695436507936508 0.037698412698412696