0 0.8348214285714286 0.7552083333333334 0.049107142857142856 0.13607804232804233
0 0.8943452380952381 0.43022486772486773 0.051587301587301584 0.07275132275132275
0 0.7423115079365079 0.4279927248677249 0.10267857142857142 0.09077380952380952
0 0.6344866071428571 0.45180224867724866 0.0804811507936508 0.029927248677248677
0 0.6574900793650794 0.5324900793650794 0.0625 0.07820767195767196
0 0.5505332341269841 0.5319940476190477 0.05493551587301587 0.07787698412698413
0 0.5536954365079365 0.5361276455026455 0.09499007936507936 0.10796957671957672
0 0.4660218253968254 0.5419973544973545 0.07738095238095238 0.09788359788359788
0 0.38994295634920634 0.5309193121693122 0.07304067460317461 0.10482804232804233
0 0.353484623015873 0.4595734126984127 0.07849702380952381 0.09705687830687831
0 0.22631448412698413 0.3029100529100529 0.033482142857142856 0.08796296296296297
0 0.21453373015873015 0.22982804232804233 0.03521825396825397 0.03505291005291005
0 0.12239583333333333 0.22230489417989419 0.03794642857142857 0.033895502645502645
0 0.06324404761904762 0.2193287037037037 0.027777777777777776 0.02595899470899471
0 0.11278521825396826 0.3521825396825397 0.040054563492063495 0.08068783068783068
0 0.16741071428571427 0.40773809523809523 0.03670634920634921 0.06481481481481481
0 0.25167410714285715 0.36673280423280424 0.05295138888888889 0.0667989417989418
0 0.22805059523809523 0.42576058201058203 0.046378968253968256 0.07308201058201058