4 0.6907552083333334 0.58935546875 0.6171875 0.46875
0 0.7366536458333334 0.32763671875 0.15559895833333334 0.0927734375
0 0.3170572916666667 0.871337890625 0.23958333333333334 0.07568359375
0 0.8740234375 0.913818359375 0.21028645833333334 0.06787109375
4 0.568359375 0.661865234375 0.13671875 0.06201171875
0 0.2526041666666667 0.4677734375 0.20703125 0.0595703125
0 0.9427083333333334 0.3779296875 0.10807291666666667 0.0576171875
0 0.4173177083333333 0.579833984375 0.0546875 0.04345703125
4 0.5341796875 0.729736328125 0.138671875 0.04345703125
0 0.095703125 0.685791015625 0.11328125 0.03857421875
0 0.140625 0.498291015625 0.044270833333333336 0.03466796875
0 0.3854166666666667 0.569091796875 0.09895833333333333 0.03466796875
0 0.21809895833333334 0.58740234375 0.1171875 0.0322265625
0 0.17610677083333334 0.5625 0.11393229166666667 0.0322265625
0 0.29296875 0.536376953125 0.09895833333333333 0.03173828125
0 0.4840494791666667 0.563232421875 0.076171875 0.02978515625
0 0.2604166666666667 0.53466796875 0.06901041666666667 0.0283203125
0 0.3870442708333333 0.52197265625 0.068359375 0.0283203125
0 0.07845052083333333 0.546630859375 0.051432291666666664 0.02685546875
0 0.5266927083333334 0.5439453125 0.10677083333333333 0.025390625
0 0.125 0.54443359375 0.057291666666666664 0.0244140625
0 0.251953125 0.506103515625 0.04296875 0.02392578125
0 0.4114583333333333 0.505126953125 0.059895833333333336 0.02197265625