0 0.5298859126984127 0.22073412698412698 0.08407738095238096 0.15707671957671956
0 0.5875496031746031 0.22883597883597884 0.06646825396825397 0.15343915343915343
0 0.6852678571428571 0.41203703703703703 0.09672619047619048 0.14484126984126985
0 0.48288690476190477 0.0710978835978836 0.09375 0.1421957671957672
0 0.026785714285714284 0.66005291005291 0.04017857142857143 0.13293650793650794
0 0.5925099206349206 0.7941468253968254 0.10615079365079365 0.13128306878306878
0 0.535094246031746 0.5081018518518519 0.08407738095238096 0.12466931216931217
0 0.8153521825396826 0.3996362433862434 0.057291666666666664 0.12400793650793651
0 0.574280753968254 0.4227843915343915 0.07118055555555555 0.12334656084656084
0 0.35900297619047616 0.7829034391534392 0.04389880952380952 0.1207010582010582
0 0.47346230158730157 0.2369378306878307 0.05803571428571429 0.1207010582010582
0 0.6550099206349206 0.29712301587301587 0.06944444444444445 0.1207010582010582
0 0.6192956349206349 0.37433862433862436 0.09077380952380952 0.11838624338624339
0 0.2795138888888889 0.6588955026455027 0.03869047619047619 0.11607142857142858
0 0.48251488095238093 0.4408068783068783 0.07614087301587301 0.10383597883597884
0 0.26686507936507936 0.36160714285714285 0.03819444444444445 0.09027777777777778
0 0.2279265873015873 0.5492724867724867 0.030753968253968252 0.08994708994708994
0 0.31994047619047616 0.41617063492063494 0.028273809523809524 0.08961640211640212
0 0.3307291666666667 0.6134259259259259 0.029513888888888888 0.08928571428571429
0 0.14521329365079366 0.548776455026455 0.02703373015873016 0.08564814814814815
0 0.5804811507936508 0.5403439153439153 0.07415674603174603 0.083994708994709
0 0.6040426587301587 0.6200396825396826 0.05084325396825397 0.082010582010582
0 0.3230406746031746 0.30423280423280424 0.035962301587301584 0.0787037037037037
0 0.3401537698412698 0.6959325396825397 0.028521825396825396 0.07771164021164022
0 0.1657986111111111 0.43683862433862436 0.030009920634920636 0.07539682539682539
0 0.22073412698412698 0.44047619047619047 0.027281746031746032 0.06944444444444445
0 0.447296626984127 0.16832010582010581 0.04290674603174603 0.06547619047619048
0 0.35466269841269843 0.23974867724867724 0.024305555555555556 0.06349206349206349
0 0.054563492063492064 0.5099206349206349 0.021825396825396824 0.06349206349206349
0 0.3030753968253968 0.5267857142857143 0.025297619047619048 0.05952380952380952
0 0.33283730158730157 0.5322420634920635 0.033234126984126984 0.05919312169312169
0 0.3914930555555556 0.3166335978835979 0.04439484126984127 0.04927248677248677
0 0.46664186507936506 0.7053571428571429 0.020089285714285716 0.046957671957671955
0 0.4827628968253968 0.8723544973544973 0.021081349206349208 0.04563492063492063
0 0.41629464285714285 0.876818783068783 0.028521825396825396 0.045304232804232805
0 0.4079861111111111 0.2501653439153439 0.032242063492063495 0.04332010582010582
0 0.20498511904761904 0.1605489417989418 0.018601190476190476 0.04332010582010582
0 0.5089285714285714 0.7409060846560847 0.018353174603174604 0.04332010582010582
0 0.19655257936507936 0.01951058201058201 0.022569444444444444 0.03902116402116402
0 0.8120039682539683 0.623181216931217 0.05257936507936508 0.03802910052910053
0 0.447296626984127 0.7427248677248677 0.009672619047619048 0.037037037037037035
0 0.421875 0.833994708994709 0.017361111111111112 0.03505291005291005
0 0.46118551587301587 0.7700066137566137 0.01314484126984127 0.0333994708994709
0 0.26959325396825395 0.1960978835978836 0.013888888888888888 0.031084656084656083
0 0.22817460317460317 0.17394179894179895 0.026785714285714284 0.0291005291005291
0 0.2113095238095238 0.11673280423280423 0.027777777777777776 0.0291005291005291
0 0.21887400793650794 0.22056878306878308 0.011656746031746032 0.025793650793650792
0 0.4367559523809524 0.7466931216931217 0.011904761904761904 0.025793650793650792
0 0.1793154761904762 0.21941137566137567 0.020833333333333332 0.02546296296296296
0 0.26438492063492064 0.07820767195767196 0.017361111111111112 0.023478835978835978
0 0.2961309523809524 0.14930555555555555 0.01984126984126984 0.022817460317460316
0 0.31436011904761907 0.13773148148148148 0.01314484126984127 0.018849206349206348
0 0.9427083333333334 0.7880291005291006 0.000992063492063492 0.0013227513227513227
6 0.35540674603174605 0.5305886243386243 0.06646825396825397 0.31646825396825395