4 0.8528645833333334 0.71142578125 0.16276041666666666 0.1806640625
4 0.5221354166666666 0.514404296875 0.4205729166666667 0.15673828125
0 0.4811197916666667 0.393310546875 0.3606770833333333 0.13818359375
0 0.205078125 0.22607421875 0.18489583333333334 0.123046875
0 0.4290364583333333 0.189453125 0.22135416666666666 0.1142578125
0 0.13411458333333334 0.1416015625 0.15885416666666666 0.0986328125
0 0.9208984375 0.8798828125 0.158203125 0.09765625
0 0.17805989583333334 0.297607421875 0.14127604166666666 0.08447265625
0 0.30078125 0.332275390625 0.12890625 0.06689453125
0 0.13248697916666666 0.2646484375 0.19466145833333334 0.0625
0 0.9225260416666666 0.338623046875 0.15364583333333334 0.05712890625
4 0.3291015625 0.38427734375 0.21028645833333334 0.05078125
0 0.5843098958333334 0.32080078125 0.14127604166666666 0.0498046875
0 0.8225911458333334 0.283447265625 0.154296875 0.04931640625
0 0.3929036458333333 0.322265625 0.13346354166666666 0.048828125
0 0.021158854166666668 0.268310546875 0.042317708333333336 0.04248046875
0 0.5556640625 0.29833984375 0.15169270833333334 0.0419921875
0 0.9453125 0.272216796875 0.10807291666666667 0.04150390625
0 0.8938802083333334 0.326904296875 0.125 0.04443359375