3 0.24576822916666666 0.7109375 0.08919270833333333 0.1142578125
3 0.2913411458333333 0.581787109375 0.057942708333333336 0.05322265625
3 0.6829427083333334 0.59521484375 0.0546875 0.0478515625
3 0.9033203125 0.636962890625 0.054036458333333336 0.04638671875
3 0.5113932291666666 0.59521484375 0.07877604166666667 0.04296875
3 0.6634114583333334 0.39697265625 0.044270833333333336 0.04296875
3 0.7509765625 0.576904296875 0.051432291666666664 0.04150390625
3 0.6048177083333334 0.573486328125 0.06640625 0.03759765625
3 0.22330729166666666 0.558837890625 0.08203125 0.03076171875
3 0.4309895833333333 0.39453125 0.06770833333333333 0.0302734375
3 0.599609375 0.386474609375 0.037760416666666664 0.02392578125