6 0.16641865079365079 0.4826388888888889 0.11507936507936507 0.3521825396825397
0 0.5060763888888888 0.7723214285714286 0.05679563492063492 0.2701719576719577
0 0.6741071428571429 0.644510582010582 0.08134920634920635 0.2466931216931217
0 0.6108630952380952 0.6109457671957672 0.054563492063492064 0.23247354497354497
0 0.6138392857142857 0.6969246031746031 0.07738095238095238 0.2099867724867725
0 0.9156746031746031 0.40658068783068785 0.09722222222222222 0.15773809523809523
0 0.8132440476190477 0.5271164021164021 0.09176587301587301 0.14285714285714285
0 0.9489087301587301 0.1908068783068783 0.027777777777777776 0.11177248677248677
0 0.28410218253968256 0.7690145502645502 0.023561507936507936 0.06646825396825397
0 0.12276785714285714 0.6974206349206349 0.04861111111111111 0.0582010582010582
0 0.33296130952380953 0.7706679894179894 0.013640873015873016 0.05787037037037037
0 0.11321924603174603 0.6443452380952381 0.021577380952380952 0.04662698412698413
0 0.2058531746031746 0.6502976190476191 0.020833333333333332 0.040013227513227514
0 0.16567460317460317 0.720734126984127 0.015873015873015872 0.03406084656084656
0 0.23214285714285715 0.6489748677248677 0.012896825396825396 0.0333994708994709
4 0.3970734126984127 0.7938161375661376 0.07886904761904762 0.4103835978835979