4 0.5247395833333334 0.707763671875 0.69140625 0.23193359375
0 0.7093098958333334 0.138671875 0.201171875 0.19140625
0 0.9208984375 0.49755859375 0.158203125 0.177734375
0 0.6904296875 0.380859375 0.14388020833333334 0.177734375
0 0.18229166666666666 0.251220703125 0.21614583333333334 0.14794921875
0 0.6624348958333334 0.25927734375 0.17122395833333334 0.134765625
4 0.10546875 0.540771484375 0.2109375 0.11572265625
0 0.9049479166666666 0.427490234375 0.11848958333333333 0.09716796875
0 0.3232421875 0.353759765625 0.14127604166666666 0.08837890625
0 0.5384114583333334 0.346435546875 0.10416666666666667 0.06982421875
0 0.6962890625 0.426025390625 0.169921875 0.06787109375
0 0.4300130208333333 0.369384765625 0.050130208333333336 0.06591796875
0 0.3505859375 0.62548828125 0.13997395833333334 0.0615234375
4 0.4752604166666667 0.437255859375 0.12239583333333333 0.05517578125
0 0.595703125 0.391357421875 0.1484375 0.05322265625
0 0.4140625 0.4775390625 0.12890625 0.05078125
0 0.15071614583333334 0.4482421875 0.080078125 0.044921875
0 0.3408203125 0.44091796875 0.095703125 0.041015625
0 0.029947916666666668 0.448486328125 0.059895833333333336 0.03662109375
0 0.10221354166666667 0.4501953125 0.0625 0.0361328125
0 0.22395833333333334 0.481689453125 0.032552083333333336 0.03271484375
0 0.3343098958333333 0.408935546875 0.09309895833333333 0.04541015625