1 0.7291666666666666 0.527099609375 0.21484375 0.18310546875
1 0.9322916666666666 0.21875 0.13411458333333334 0.16015625
1 0.060546875 0.859619140625 0.12109375 0.13916015625
1 0.4326171875 0.451904296875 0.20247395833333334 0.13525390625
1 0.8603515625 0.501220703125 0.146484375 0.12353515625
1 0.3180338541666667 0.46728515625 0.16341145833333334 0.1162109375
1 0.12337239583333333 0.564697265625 0.185546875 0.11181640625
1 0.03515625 0.64990234375 0.0703125 0.1083984375
1 0.18587239583333334 0.636474609375 0.181640625 0.09814453125
1 0.6741536458333334 0.49658203125 0.14388020833333334 0.0830078125
1 0.544921875 0.411376953125 0.10677083333333333 0.08056640625
1 0.5690104166666666 0.49951171875 0.12630208333333334 0.0712890625
1 0.5924479166666666 0.97216796875 0.18619791666666666 0.0546875