0 0.5784505208333334 0.39306640625 0.07356770833333333 0.25390625
0 0.19108072916666666 0.101806640625 0.3821614583333333 0.17041015625
0 0.8649088541666666 0.739013671875 0.2701822916666667 0.12353515625
0 0.19596354166666666 0.740478515625 0.38671875 0.11474609375
0 0.583984375 0.865966796875 0.41015625 0.11181640625
0 0.8401692708333334 0.1787109375 0.3196614583333333 0.109375
0 0.205078125 0.49755859375 0.41015625 0.1044921875
0 0.10286458333333333 0.224609375 0.20572916666666666 0.1015625
0 0.3681640625 0.62646484375 0.3274739583333333 0.1015625
0 0.8756510416666666 0.34375 0.24479166666666666 0.09375
0 0.8414713541666666 0.068603515625 0.3170572916666667 0.09033203125
0 0.505859375 0.04443359375 0.3385416666666667 0.0888671875
0 0.783203125 0.26025390625 0.3125 0.083984375
0 0.5813802083333334 0.427978515625 0.3489583333333333 0.08349609375
0 0.9046223958333334 0.961181640625 0.19075520833333334 0.07763671875
0 0.21158854166666666 0.97216796875 0.4231770833333333 0.0546875