0 0.8310546875 0.419921875 0.337890625 0.18359375
0 0.3362630208333333 0.874755859375 0.2975260416666667 0.13623046875
0 0.3697916666666667 0.34228515625 0.3502604166666667 0.1357421875
0 0.24934895833333334 0.193603515625 0.3893229166666667 0.13330078125
0 0.548828125 0.71484375 0.3463541666666667 0.125
0 0.5091145833333334 0.083740234375 0.2864583333333333 0.12158203125
0 0.744140625 0.165771484375 0.3893229166666667 0.11767578125
0 0.23470052083333334 0.75390625 0.318359375 0.1162109375
0 0.20149739583333334 0.485107421875 0.3795572916666667 0.11474609375
0 0.51953125 0.406982421875 0.3919270833333333 0.10498046875
0 0.6419270833333334 0.589599609375 0.4010416666666667 0.10400390625
0 0.8645833333333334 0.708984375 0.26953125 0.091796875
0 0.5846354166666666 0.877197265625 0.27734375 0.09033203125
0 0.7109375 0.29541015625 0.33203125 0.08984375
0 0.123046875 0.748779296875 0.22786458333333334 0.08544921875
0 0.4358723958333333 0.515625 0.2805989583333333 0.0810546875
0 0.8229166666666666 0.083984375 0.30859375 0.080078125
0 0.8365885416666666 0.526611328125 0.3216145833333333 0.07763671875
0 0.7307942708333334 0.037841796875 0.3626302083333333 0.07568359375
0 0.240234375 0.3623046875 0.32421875 0.0751953125
0 0.4541015625 0.22216796875 0.228515625 0.0712890625
0 0.9547526041666666 0.34521484375 0.09049479166666667 0.06640625
0 0.5091145833333334 0.538818359375 0.2669270833333333 0.06591796875
0 0.9547526041666666 0.65185546875 0.09049479166666667 0.0654296875
0 0.2506510416666667 0.029052734375 0.3216145833333333 0.05810546875
0 0.027994791666666668 0.56298828125 0.055989583333333336 0.0537109375
0 0.0107421875 0.42724609375 0.021484375 0.041015625
0 0.8619791666666666 0.009765625 0.1875 0.01953125
0 0.4293619791666667 0.9677734375 0.3430989583333333 0.0634765625