1 0.3030753968253968 0.6879960317460317 0.12698412698412698 0.21726190476190477
1 0.3216765873015873 0.12318121693121693 0.07093253968253968 0.19940476190476192
1 0.23313492063492064 0.7807539682539683 0.13392857142857142 0.1865079365079365
1 0.6519097222222222 0.7564484126984127 0.07961309523809523 0.1822089947089947
1 0.21726190476190477 0.45519179894179895 0.1259920634920635 0.17824074074074073
1 0.7099454365079365 0.8568121693121693 0.08953373015873016 0.17592592592592593
1 0.8045634920634921 0.5069444444444444 0.0992063492063492 0.1746031746031746
1 0.14000496031746032 0.5241402116402116 0.10739087301587301 0.164021164021164
1 0.3585069444444444 0.7195767195767195 0.0974702380952381 0.16137566137566137
1 0.9782986111111112 0.6646825396825397 0.043402777777777776 0.16137566137566137
1 0.2777777777777778 0.16385582010582012 0.062003968253968256 0.1550925925925926
1 0.5189732142857143 0.14417989417989419 0.046378968253968256 0.15476190476190477
1 0.6024305555555556 0.416005291005291 0.12698412698412698 0.1527777777777778
1 0.5746527777777778 0.8285383597883598 0.07093253968253968 0.15112433862433863
1 0.5662202380952381 0.2208994708994709 0.04811507936507937 0.15079365079365079
1 0.6243799603174603 0.5082671957671958 0.10143849206349206 0.15079365079365079
1 0.42745535714285715 0.26951058201058203 0.11334325396825397 0.14814814814814814
1 0.4226190476190476 0.19940476190476192 0.06398809523809523 0.14417989417989419
1 0.7079613095238095 0.4991732804232804 0.0954861111111111 0.14054232804232805
1 0.7802579365079365 0.3948412698412698 0.07093253968253968 0.1402116402116402
1 0.8462301587301587 0.3619378306878307 0.06498015873015874 0.13921957671957672
1 0.8644593253968254 0.671792328042328 0.07564484126984126 0.13921957671957672
1 0.13802083333333334 0.7405753968253969 0.10342261904761904 0.1378968253968254
1 0.4966517857142857 0.6521164021164021 0.10491071428571429 0.13756613756613756
1 0.32762896825396826 0.8915343915343915 0.08432539682539683 0.13756613756613756
1 0.08296130952380952 0.06861772486772487 0.14657738095238096 0.13525132275132276
1 0.39880952380952384 0.611441798941799 0.08432539682539683 0.13161375661375663
1 0.35453869047619047 0.421792328042328 0.14856150793650794 0.12466931216931217
1 0.7414434523809523 0.12003968253968254 0.09250992063492064 0.12301587301587301
1 0.7798859126984127 0.26703042328042326 0.0974702380952381 0.12202380952380952
1 0.6963045634920635 0.6919642857142857 0.04836309523809524 0.11937830687830688
1 0.5022321428571429 0.48396164021164023 0.07787698412698413 0.11541005291005291
1 0.6217757936507936 0.28191137566137564 0.053075396825396824 0.11541005291005291
1 0.5868055555555556 0.05555555555555555 0.062003968253968256 0.10912698412698413
1 0.4983878968253968 0.05423280423280423 0.05381944444444445 0.10648148148148148
1 0.6882440476190477 0.41650132275132273 0.06994047619047619 0.10615079365079365
1 0.341765873015873 0.9474206349206349 0.11507936507936507 0.10515873015873016
1 0.2591765873015873 0.535218253968254 0.07390873015873016 0.10482804232804233
1 0.8954613095238095 0.39368386243386244 0.04538690476190476 0.10482804232804233
1 0.855530753968254 0.7951388888888888 0.08953373015873016 0.10218253968253968
1 0.7517361111111112 0.3541666666666667 0.04117063492063492 0.09722222222222222
1 0.4246031746031746 0.49404761904761907 0.05803571428571429 0.09060846560846561
1 0.8949652777777778 0.32341269841269843 0.05828373015873016 0.09060846560846561
1 0.34188988095238093 0.5023148148148148 0.08159722222222222 0.08664021164021164
1 0.771453373015873 0.044642857142857144 0.08655753968253968 0.08664021164021164
1 0.22718253968253968 0.18700396825396826 0.07490079365079365 0.08498677248677249
1 0.2442956349206349 0.3621031746031746 0.06001984126984127 0.08134920634920635
1 0.34672619047619047 0.33895502645502645 0.0798611111111111 0.08002645502645503
1 0.6676587301587301 0.6200396825396826 0.05406746031746032 0.07473544973544974
1 0.6310763888888888 0.7367724867724867 0.09350198412698413 0.07208994708994709
1 0.5612599206349206 0.9375 0.04811507936507937 0.07208994708994709
1 0.5146329365079365 0.38955026455026454 0.09027777777777778 0.07076719576719577
1 0.36396329365079366 0.8278769841269841 0.10243055555555555 0.06845238095238096
1 0.6719990079365079 0.3468915343915344 0.04141865079365079 0.06415343915343916
1 0.9293154761904762 0.6613756613756614 0.062003968253968256 0.06018518518518518
1 0.21341765873015872 0.5477843915343915 0.029513888888888888 0.0539021164021164