6 0.5133463541666666 0.5673828125 0.3990885416666667 0.1396484375
4 0.2858072916666667 0.1162109375 0.2526041666666667 0.0693359375
4 0.6588541666666666 0.334228515625 0.22135416666666666 0.06298828125
4 0.2623697916666667 0.574951171875 0.18098958333333334 0.06103515625
0 0.7464192708333334 0.052978515625 0.16731770833333334 0.05419921875
0 0.7138671875 0.123291015625 0.037109375 0.05224609375
0 0.5335286458333334 0.072021484375 0.15169270833333334 0.04931640625
0 0.3238932291666667 0.021484375 0.21809895833333334 0.04296875
0 0.923828125 0.0693359375 0.15104166666666666 0.0419921875
0 0.5533854166666666 0.0205078125 0.16536458333333334 0.041015625
0 0.8994140625 0.096435546875 0.15690104166666666 0.04052734375
0 0.9007161458333334 0.03662109375 0.15690104166666666 0.0380859375
0 0.9599609375 0.01416015625 0.080078125 0.0283203125