1 0.12824074074074074 0.8200520833333333 0.225 0.1234375
1 0.18981481481481483 0.6002604166666666 0.2 0.1234375
1 0.40046296296296297 0.4 0.2324074074074074 0.11666666666666667
1 0.5800925925925926 0.8143229166666667 0.22314814814814815 0.10989583333333333
1 0.19907407407407407 0.8817708333333333 0.1574074074074074 0.09375
1 0.8800925925925925 0.33151041666666664 0.15462962962962962 0.07760416666666667
1 0.287962962962963 0.5401041666666667 0.1111111111111111 0.06979166666666667
1 0.3958333333333333 0.30572916666666666 0.11944444444444445 0.06666666666666667
1 0.8828703703703704 0.17526041666666667 0.10092592592592593 0.0609375
1 0.7782407407407408 0.42161458333333335 0.10462962962962963 0.0546875
1 0.5027777777777778 0.8479166666666667 0.09074074074074075 0.051041666666666666
1 0.6819444444444445 0.8080729166666667 0.08055555555555556 0.043229166666666666
1 0.2949074074074074 0.6817708333333333 0.09166666666666666 0.03958333333333333
1 0.8893518518518518 0.43723958333333335 0.0712962962962963 0.03802083333333333
1 0.38472222222222224 0.4830729166666667 0.06574074074074074 0.021354166666666667
1 0.37777777777777777 0.6450520833333333 0.06851851851851852 0.0390625