0 0.2734375 0.509765625 0.33984375 0.146484375
0 0.8756510416666666 0.640625 0.24739583333333334 0.1259765625
0 0.65625 0.310791015625 0.203125 0.10986328125
0 0.1640625 0.33056640625 0.328125 0.109375
0 0.5400390625 0.44384765625 0.2858072916666667 0.1044921875
0 0.4541015625 0.212890625 0.3561197916666667 0.099609375
0 0.5146484375 0.289794921875 0.259765625 0.09912109375
0 0.24348958333333334 0.794921875 0.2643229166666667 0.09765625
0 0.7024739583333334 0.091796875 0.3489583333333333 0.0966796875
0 0.4339192708333333 0.7783203125 0.322265625 0.0927734375
0 0.8684895833333334 0.16845703125 0.26171875 0.091796875
0 0.8561197916666666 0.83984375 0.2864583333333333 0.087890625
0 0.8502604166666666 0.49365234375 0.2981770833333333 0.0849609375
0 0.15266927083333334 0.6787109375 0.2962239583333333 0.08203125
0 0.734375 0.69140625 0.24739583333333334 0.0771484375
0 0.9000651041666666 0.3916015625 0.19986979166666666 0.076171875
0 0.048828125 0.927978515625 0.09765625 0.07568359375
0 0.4358723958333333 0.80078125 0.291015625 0.0732421875
0 0.5654296875 0.773681640625 0.19596354166666666 0.07275390625
0 0.044270833333333336 0.490966796875 0.08854166666666667 0.07177734375
0 0.8528645833333334 0.90966796875 0.29296875 0.0703125
0 0.7802734375 0.413818359375 0.080078125 0.06884765625
0 0.039713541666666664 0.056884765625 0.07942708333333333 0.06884765625
0 0.5589192708333334 0.852783203125 0.2766927083333333 0.06787109375
0 0.4449869791666667 0.544921875 0.13606770833333334 0.0673828125
0 0.23404947916666666 0.26953125 0.19596354166666666 0.0673828125
0 0.07942708333333333 0.850830078125 0.15885416666666666 0.06396484375
0 0.3880208333333333 0.6474609375 0.22395833333333334 0.0625
0 0.705078125 0.620361328125 0.1328125 0.05712890625
0 0.4348958333333333 0.72216796875 0.2747395833333333 0.05078125
0 0.9069010416666666 0.606689453125 0.18489583333333334 0.05029296875
0 0.3365885416666667 0.977783203125 0.26953125 0.04443359375
0 0.6884765625 0.977783203125 0.2662760416666667 0.04443359375
0 0.013346354166666666 0.130615234375 0.026692708333333332 0.05029296875