1 0.857421875 0.28759765625 0.2747395833333333 0.1982421875
1 0.462890625 0.1083984375 0.17838541666666666 0.1875
1 0.2854817708333333 0.316650390625 0.10091145833333333 0.14306640625
1 0.7578125 0.771728515625 0.20833333333333334 0.13232421875
1 0.9723307291666666 0.458984375 0.055338541666666664 0.123046875
1 0.22200520833333334 0.720703125 0.09895833333333333 0.1162109375
1 0.11881510416666667 0.450927734375 0.13216145833333334 0.11083984375
1 0.294921875 0.50830078125 0.1953125 0.109375
1 0.5419921875 0.3203125 0.232421875 0.109375
1 0.3108723958333333 0.906494140625 0.134765625 0.09619140625
1 0.4947916666666667 0.848876953125 0.15885416666666666 0.08740234375
1 0.4928385416666667 0.413818359375 0.18880208333333334 0.07958984375
1 0.5849609375 0.58447265625 0.15690104166666666 0.0771484375
1 0.07649739583333333 0.620849609375 0.06575520833333333 0.07177734375
1 0.4925130208333333 0.466064453125 0.134765625 0.06787109375
1 0.025065104166666668 0.701416015625 0.050130208333333336 0.05615234375
1 0.10904947916666667 0.838623046875 0.037109375 0.03857421875