0 0.4358723958333333 0.093017578125 0.21809895833333334 0.18603515625
0 0.047200520833333336 0.076904296875 0.09440104166666667 0.15380859375
0 0.4703776041666667 0.24658203125 0.09049479166666667 0.111328125
0 0.3011067708333333 0.257568359375 0.11653645833333333 0.11083984375
0 0.5048828125 0.2822265625 0.059244791666666664 0.1044921875
0 0.7197265625 0.310546875 0.10611979166666667 0.087890625
0 0.3658854166666667 0.51513671875 0.11588541666666667 0.0791015625
0 0.2731119791666667 0.331298828125 0.08658854166666667 0.07470703125
0 0.912109375 0.037353515625 0.12239583333333333 0.07470703125
4 0.3528645833333333 0.601318359375 0.12760416666666666 0.07373046875
4 0.8515625 0.66650390625 0.17317708333333334 0.068359375
0 0.3274739583333333 0.360595703125 0.08333333333333333 0.05908203125
4 0.9192708333333334 0.492431640625 0.10546875 0.03662109375
6 0.908203125 0.833984375 0.10026041666666667 0.0302734375
0 0.8395182291666666 0.560791015625 0.10872395833333333 0.02880859375
0 0.9788411458333334 0.794189453125 0.042317708333333336 0.04052734375