4 0.5999348958333334 0.640380859375 0.376953125 0.20947265625
4 0.599609375 0.392822265625 0.5638020833333334 0.19482421875
4 0.12141927083333333 0.892822265625 0.24283854166666666 0.13818359375
0 0.11458333333333333 0.583251953125 0.12109375 0.07080078125
0 0.8108723958333334 0.15625 0.17252604166666666 0.0625
0 0.58203125 0.228515625 0.15755208333333334 0.0556640625
0 0.0595703125 0.21728515625 0.119140625 0.0546875
0 0.17708333333333334 0.2822265625 0.16666666666666666 0.0517578125
0 0.4661458333333333 0.179931640625 0.1328125 0.04931640625
0 0.8160807291666666 0.212890625 0.16471354166666666 0.0478515625
0 0.5764973958333334 0.1015625 0.123046875 0.0458984375
6 0.2490234375 0.693603515625 0.12044270833333333 0.04541015625
0 0.650390625 0.162353515625 0.13151041666666666 0.04345703125
0 0.5716145833333334 0.020263671875 0.11848958333333333 0.04052734375
0 0.6041666666666666 0.1484375 0.09765625 0.0380859375
4 0.91796875 0.7041015625 0.16276041666666666 0.087890625