0 0.201171875 0.88916015625 0.23046875 0.2080078125
0 0.4791666666666667 0.867919921875 0.23307291666666666 0.19091796875
0 0.6956380208333334 0.669189453125 0.4212239583333333 0.18603515625
0 0.623046875 0.11572265625 0.3138020833333333 0.16796875
0 0.5052083333333334 0.849365234375 0.24739583333333334 0.16650390625
0 0.9130859375 0.549560546875 0.173828125 0.14306640625
0 0.2718098958333333 0.516357421875 0.21419270833333334 0.12939453125
0 0.8561197916666666 0.309326171875 0.2864583333333333 0.12744140625
0 0.4508463541666667 0.69189453125 0.11002604166666667 0.1171875
0 0.3440755208333333 0.38671875 0.193359375 0.111328125
0 0.20540364583333334 0.38134765625 0.19205729166666666 0.107421875
0 0.055989583333333336 0.75830078125 0.11197916666666667 0.1025390625
0 0.4039713541666667 0.358642578125 0.2610677083333333 0.10107421875
0 0.9182942708333334 0.188720703125 0.16341145833333334 0.10107421875
0 0.8069661458333334 0.362060546875 0.2975260416666667 0.09814453125
0 0.1337890625 0.73583984375 0.12174479166666667 0.095703125
0 0.5572916666666666 0.77099609375 0.3984375 0.0947265625
0 0.7571614583333334 0.95361328125 0.22135416666666666 0.091796875
0 0.5221354166666666 0.259521484375 0.22005208333333334 0.09130859375
0 0.267578125 0.65185546875 0.1796875 0.08984375
0 0.9651692708333334 0.812744140625 0.06966145833333333 0.08837890625
0 0.045572916666666664 0.153564453125 0.09114583333333333 0.08642578125
0 0.5179036458333334 0.54150390625 0.23893229166666666 0.078125
0 0.3662109375 0.302001953125 0.23372395833333334 0.07568359375
0 0.8196614583333334 0.037109375 0.359375 0.072265625
0 0.12141927083333333 0.55419921875 0.162109375 0.06640625
0 0.015950520833333332 0.83837890625 0.031901041666666664 0.0634765625
0 0.08138020833333333 0.262939453125 0.05078125 0.06298828125
0 0.0458984375 0.422119140625 0.091796875 0.06201171875
0 0.11393229166666667 0.50537109375 0.15104166666666666 0.060546875
0 0.14485677083333334 0.350830078125 0.130859375 0.05810546875
0 0.5045572916666666 0.0380859375 0.22005208333333334 0.0537109375
0 0.0517578125 0.57861328125 0.10091145833333333 0.048828125
0 0.021484375 0.01904296875 0.04296875 0.0380859375
0 0.2649739583333333 0.015869140625 0.07942708333333333 0.03173828125
0 0.2255859375 0.154052734375 0.23763020833333334 0.08544921875