2 0.7698567708333334 0.833984375 0.4420572916666667 0.1943359375
2 0.4973958333333333 0.69775390625 0.3958333333333333 0.150390625
2 0.376953125 0.328125 0.08854166666666667 0.11328125
2 0.8802083333333334 0.272705078125 0.05859375 0.09423828125
2 0.7688802083333334 0.286865234375 0.07942708333333333 0.08154296875
2 0.8603515625 0.4970703125 0.15559895833333334 0.0810546875
2 0.3343098958333333 0.234619140625 0.042317708333333336 0.06298828125
2 0.3121744791666667 0.212158203125 0.027994791666666668 0.06298828125
2 0.3564453125 0.230224609375 0.042317708333333336 0.06005859375
2 0.7620442708333334 0.226806640625 0.052734375 0.05615234375
2 0.2789713541666667 0.2255859375 0.039713541666666664 0.0537109375
2 0.6845703125 0.165283203125 0.035807291666666664 0.05224609375
2 0.4811197916666667 0.230712890625 0.05078125 0.05224609375
2 0.9358723958333334 0.249267578125 0.033203125 0.04736328125
2 0.9596354166666666 0.240234375 0.033854166666666664 0.04296875
2 0.18489583333333334 0.106201171875 0.045572916666666664 0.04248046875
2 0.6930338541666666 0.224609375 0.031901041666666664 0.041015625
2 0.6025390625 0.207763671875 0.031901041666666664 0.04052734375
2 0.8483072916666666 0.23291015625 0.033854166666666664 0.0302734375