4 0.2265625 0.29017857142857145 0.07217261904761904 0.15046296296296297
4 0.5044642857142857 0.12450396825396826 0.10863095238095238 0.09093915343915344
4 0.33556547619047616 0.5636574074074074 0.0882936507936508 0.0796957671957672
0 0.4490327380952381 0.7865410052910053 0.029513888888888888 0.05654761904761905
0 0.26574900793650796 0.8976521164021164 0.02554563492063492 0.05257936507936508
0 0.4713541666666667 0.48842592592592593 0.019593253968253968 0.047619047619047616
0 0.6772073412698413 0.675760582010582 0.014632936507936508 0.04265873015873016
0 0.2848462301587302 0.6471560846560847 0.019593253968253968 0.036375661375661374
0 0.2540922619047619 0.6168981481481481 0.018105158730158732 0.02943121693121693
0 0.6980406746031746 0.7600859788359788 0.014632936507936508 0.026124338624338623
0 0.6142113095238095 0.6901455026455027 0.024057539682539684 0.025793650793650792
0 0.3922371031746032 0.8237433862433863 0.031994047619047616 0.025793650793650792
0 0.37388392857142855 0.34093915343915343 0.009672619047619048 0.02513227513227513
0 0.369171626984127 0.42824074074074076 0.009672619047619048 0.02513227513227513
0 0.3115079365079365 0.6390542328042328 0.014384920634920634 0.02414021164021164
0 0.3479662698412698 0.3644179894179894 0.011408730158730158 0.017857142857142856
0 0.37276785714285715 0.2630621693121693 0.010912698412698412 0.016203703703703703
0 0.3084077380952381 0.8705357142857143 0.028025793650793652 0.01488095238095238
0 0.19766865079365079 0.19940476190476192 0.005952380952380952 0.010582010582010581
0 0.6323164682539683 0.6759259259259259 0.019097222222222224 0.00992063492063492
4 0.5734126984126984 0.6459986772486772 0.060515873015873016 0.1722883597883598