1 0.5914713541666666 0.454345703125 0.15950520833333334 0.12060546875
1 0.051432291666666664 0.330078125 0.10286458333333333 0.1142578125
1 0.9222005208333334 0.511474609375 0.15559895833333334 0.11279296875
1 0.3707682291666667 0.645751953125 0.19205729166666666 0.11279296875
1 0.943359375 0.39501953125 0.11197916666666667 0.111328125
1 0.5696614583333334 0.59033203125 0.1953125 0.109375
1 0.7294921875 0.741455078125 0.21158854166666666 0.10302734375
1 0.16764322916666666 0.7705078125 0.13997395833333334 0.08984375
1 0.8645833333333334 0.8955078125 0.16796875 0.0859375
1 0.439453125 0.749755859375 0.12239583333333333 0.08349609375
1 0.5872395833333334 0.792724609375 0.15364583333333334 0.07568359375
1 0.8681640625 0.355712890625 0.13216145833333334 0.07177734375
1 0.10123697916666667 0.2353515625 0.162109375 0.0703125
1 0.3798828125 0.9736328125 0.12044270833333333 0.0517578125
1 0.3304036458333333 0.015869140625 0.130859375 0.03173828125