1 0.305787037037037 0.584375 0.24861111111111112 0.146875
1 0.6662037037037037 0.6236979166666666 0.24166666666666667 0.1203125
1 0.7456018518518519 0.4524739583333333 0.20601851851851852 0.12994791666666666
1 0.6185185185185185 0.5576822916666667 0.18888888888888888 0.08411458333333334
1 0.2724537037037037 0.7661458333333333 0.1486111111111111 0.11041666666666666
1 0.14050925925925925 0.912890625 0.22361111111111112 0.12890625
1 0.6 0.8170572916666666 0.20185185185185187 0.11744791666666667
1 0.7108796296296296 0.7891927083333333 0.2550925925925926 0.12734375
1 0.8166666666666667 0.7256510416666667 0.20555555555555555 0.09921875
1 0.8541666666666666 0.871484375 0.2712962962962963 0.07005208333333333
1 0.7078703703703704 0.940625 0.20092592592592592 0.11145833333333334
1 0.9087962962962963 0.3223958333333333 0.1824074074074074 0.12291666666666666
1 0.6597222222222222 0.16666666666666666 0.3212962962962963 0.11458333333333333
1 0.22777777777777777 0.072265625 0.29444444444444445 0.13828125
1 0.37430555555555556 0.17395833333333333 0.19490740740740742 0.12916666666666668
1 0.12384259259259259 0.296484375 0.22361111111111112 0.13567708333333334
1 0.09467592592592593 0.14986979166666667 0.18009259259259258 0.09036458333333333
1 0.593287037037037 0.044661458333333334 0.2439814814814815 0.08307291666666666
1 0.5511574074074074 0.3614583333333333 0.13564814814814816 0.21458333333333332
1 0.3976851851851852 0.40729166666666666 0.13425925925925927 0.10416666666666667
1 0.9199074074074074 0.10104166666666667 0.16018518518518518 0.18958333333333333
1 0.0837962962962963 0.6546875 0.1675925925925926 0.090625
1 0.20208333333333334 0.6354166666666666 0.2263888888888889 0.11979166666666667
1 0.4638888888888889 0.6471354166666666 0.22777777777777777 0.10572916666666667
1 0.8976851851851851 0.5901041666666667 0.15462962962962962 0.10416666666666667
1 0.6296296296296297 0.23125 0.22962962962962963 0.06041666666666667
1 0.6226851851851852 0.33203125 0.0787037037037037 0.04010416666666667
1 0.6759259259259259 0.28828125 0.18518518518518517 0.08489583333333334
1 0.9851851851851852 0.5984375 0.02962962962962963 0.06770833333333333
1 0.8699074074074075 0.940625 0.1527777777777778 0.041666666666666664
1 0.3662037037037037 0.7481770833333333 0.12314814814814815 0.04739583333333333
1 0.06898148148148148 0.6096354166666667 0.13796296296296295 0.059895833333333336