1 0.5651041666666666 0.225830078125 0.2578125 0.18994140625
1 0.3733723958333333 0.23193359375 0.17252604166666666 0.162109375
1 0.17936197916666666 0.90625 0.3209635416666667 0.1572265625
1 0.099609375 0.6376953125 0.1875 0.1396484375
1 0.3408203125 0.61376953125 0.24153645833333334 0.1259765625
1 0.17220052083333334 0.058349609375 0.302734375 0.11669921875
1 0.3805338541666667 0.8076171875 0.20638020833333334 0.1162109375
1 0.7744140625 0.677978515625 0.23372395833333334 0.11572265625
1 0.9723307291666666 0.748779296875 0.055338541666666664 0.10400390625
1 0.939453125 0.907958984375 0.11979166666666667 0.08251953125
1 0.9671223958333334 0.66162109375 0.06575520833333333 0.0654296875