2 0.5071614583333334 0.739013671875 0.09635416666666667 0.08740234375
2 0.6608072916666666 0.494140625 0.06770833333333333 0.0849609375
2 0.7125651041666666 0.493896484375 0.07356770833333333 0.08349609375
2 0.3391927083333333 0.46826171875 0.0546875 0.0654296875
2 0.8522135416666666 0.503662109375 0.0546875 0.06396484375
2 0.040364583333333336 0.474853515625 0.0625 0.05908203125
2 0.419921875 0.468017578125 0.0390625 0.04541015625
2 0.15104166666666666 0.46533203125 0.040364583333333336 0.0439453125
2 0.3606770833333333 0.46240234375 0.01953125 0.04296875
2 0.9261067708333334 0.470947265625 0.039713541666666664 0.04248046875
2 0.3929036458333333 0.464599609375 0.022786458333333332 0.04052734375
2 0.19791666666666666 0.4736328125 0.040364583333333336 0.03515625
2 0.3688151041666667 0.408935546875 0.025390625 0.03271484375
2 0.24869791666666666 0.4453125 0.057291666666666664 0.021484375
2 0.1611328125 0.764404296875 0.322265625 0.09716796875