2 0.4228515625 0.595703125 0.5592447916666666 0.1484375
2 0.3014322916666667 0.2265625 0.09114583333333333 0.111328125
2 0.8821614583333334 0.265869140625 0.06901041666666667 0.09228515625
2 0.2516276041666667 0.236328125 0.044921875 0.0869140625
2 0.6888020833333334 0.288818359375 0.06640625 0.06787109375
2 0.7333984375 0.270263671875 0.057942708333333336 0.06298828125
2 0.5283203125 0.428955078125 0.23763020833333334 0.05712890625
2 0.5511067708333334 0.26611328125 0.055338541666666664 0.0556640625
2 0.4124348958333333 0.252197265625 0.06966145833333333 0.05517578125
2 0.5113932291666666 0.2431640625 0.07486979166666667 0.0400390625
2 0.9879557291666666 0.27001953125 0.024088541666666668 0.0712890625