2 0.51123046875 0.4944661458333333 0.28515625 0.14778645833333334
2 0.821533203125 0.3050130208333333 0.04052734375 0.095703125
2 0.161865234375 0.3714192708333333 0.03857421875 0.08919270833333333
2 0.977294921875 0.2900390625 0.04541015625 0.08658854166666667
2 0.578125 0.3203125 0.064453125 0.0703125
2 0.884765625 0.3069661458333333 0.04296875 0.06966145833333333
2 0.046142578125 0.34375 0.06298828125 0.055989583333333336
2 0.21630859375 0.3291015625 0.0341796875 0.054036458333333336
2 0.173095703125 0.3343098958333333 0.03564453125 0.048828125
2 0.25732421875 0.2985026041666667 0.0224609375 0.043619791666666664
2 0.873046875 0.4798177083333333 0.2529296875 0.16666666666666666