6 0.3841765873015873 0.4341931216931217 0.056051587301587304 0.14484126984126985
4 0.37177579365079366 0.6253306878306878 0.040674603174603176 0.1302910052910053
0 0.6755952380952381 0.7939814814814815 0.015376984126984126 0.10383597883597884
0 0.6161954365079365 0.8635912698412699 0.017609126984126984 0.10218253968253968
0 0.4957837301587302 0.6858465608465608 0.025793650793650792 0.09126984126984126
0 0.5088045634920635 0.4363425925925926 0.022569444444444444 0.06448412698412699
0 0.4339037698412698 0.701223544973545 0.011656746031746032 0.04398148148148148
0 0.4593253968253968 0.6028439153439153 0.011904761904761904 0.03902116402116402
0 0.533234126984127 0.7688492063492064 0.030257936507936508 0.0291005291005291
0 0.5607638888888888 0.7475198412698413 0.017361111111111112 0.0248015873015873
0 0.34933035714285715 0.8655753968253969 0.006696428571428571 0.022817460317460316
0 0.3306051587301587 0.8915343915343915 0.00992063492063492 0.021825396825396824
0 0.5875496031746031 0.9465939153439153 0.01636904761904762 0.02017195767195767
0 0.2601686507936508 0.7404100529100529 0.005952380952380952 0.01917989417989418
0 0.48995535714285715 0.5813492063492064 0.014632936507936508 0.017857142857142856
0 0.3210565476190476 0.8644179894179894 0.007688492063492063 0.017195767195767195
0 0.48053075396825395 0.42956349206349204 0.02058531746031746 0.016534391534391533
0 0.2720734126984127 0.7023809523809523 0.004464285714285714 0.013888888888888888
0 0.3585069444444444 0.8240740740740741 0.010168650793650794 0.010582010582010581
0 0.37896825396825395 0.8510251322751323 0.008928571428571428 0.01025132275132275