0 0.4166666666666667 0.66943359375 0.19010416666666666 0.29296875
0 0.8505859375 0.580078125 0.17643229166666666 0.26953125
0 0.2294921875 0.55126953125 0.10481770833333333 0.248046875
0 0.52734375 0.2998046875 0.13541666666666666 0.2080078125
0 0.5042317708333334 0.403076171875 0.07486979166666667 0.14990234375
0 0.4127604166666667 0.50390625 0.10677083333333333 0.0888671875
0 0.6949869791666666 0.70849609375 0.16080729166666666 0.0849609375
0 0.578125 0.7939453125 0.23177083333333334 0.0810546875
0 0.17513020833333334 0.818603515625 0.0546875 0.07861328125
0 0.2412109375 0.8232421875 0.06966145833333333 0.07421875
0 0.3938802083333333 0.886962890625 0.14713541666666666 0.07275390625
0 0.24576822916666666 0.7548828125 0.072265625 0.0693359375
0 0.2421875 0.96533203125 0.09114583333333333 0.068359375
0 0.060546875 0.894287109375 0.12109375 0.06689453125
0 0.09733072916666667 0.950439453125 0.054036458333333336 0.06103515625
0 0.15462239583333334 0.889892578125 0.091796875 0.05419921875