0 0.4781901041666667 0.302001953125 0.552734375 0.39208984375
0 0.5611979166666666 0.13427734375 0.3984375 0.2568359375
4 0.4016927083333333 0.600341796875 0.3489583333333333 0.18408203125
4 0.7906901041666666 0.91064453125 0.4186197916666667 0.177734375
0 0.775390625 0.494873046875 0.2747395833333333 0.16064453125
0 0.08854166666666667 0.3544921875 0.17708333333333334 0.1279296875
0 0.9345703125 0.36767578125 0.130859375 0.1240234375
0 0.806640625 0.4052734375 0.10026041666666667 0.111328125
0 0.9166666666666666 0.4326171875 0.16536458333333334 0.1005859375
0 0.5774739583333334 0.423828125 0.22395833333333334 0.087890625
0 0.9251302083333334 0.528076171875 0.1484375 0.08544921875
0 0.5852864583333334 0.47412109375 0.12109375 0.0634765625
0 0.5045572916666666 0.746826171875 0.171875 0.06201171875
4 0.3424479166666667 0.728271484375 0.08203125 0.05615234375
0 0.6803385416666666 0.599365234375 0.1640625 0.05224609375
0 0.13346354166666666 0.580322265625 0.12109375 0.04736328125
0 0.3479817708333333 0.564208984375 0.080078125 0.03857421875
0 0.038736979166666664 0.5654296875 0.07747395833333333 0.0390625
0 0.2906901041666667 0.572265625 0.06575520833333333 0.03125
0 0.22591145833333334 0.572509765625 0.059895833333333336 0.02880859375
4 0.8603515625 0.155029296875 0.2779947916666667 0.31005859375