4 0.59375 0.6106977513227513 0.11061507936507936 0.38673941798941797
0 0.6458953373015873 0.654348544973545 0.036830357142857144 0.056051587301587304
0 0.7228422619047619 0.6984126984126984 0.10639880952380952 0.06018518518518518
0 0.33816964285714285 0.513640873015873 0.031994047619047616 0.023313492063492064
0 0.34846230158730157 0.32746362433862436 0.029265873015873016 0.020006613756613757
0 0.11687748015873016 0.4271660052910053 0.03931051587301587 0.020337301587301588
0 0.1292782738095238 0.7328869047619048 0.02194940476190476 0.06498015873015874
0 0.10106646825396826 0.8306051587301587 0.02058531746031746 0.03356481481481482
0 0.23809523809523808 0.748015873015873 0.018849206349206348 0.016534391534391533
0 0.2916666666666667 0.6554232804232805 0.005952380952380952 0.022486772486772486
0 0.13764880952380953 0.6521164021164021 0.03125 0.036375661375661374
0 0.11179315476190477 0.6806382275132276 0.03360615079365079 0.05109126984126984
0 0.7473338293650794 0.5548941798941799 0.029389880952380952 0.025793650793650792
0 0.2699652777777778 0.35615079365079366 0.01711309523809524 0.012566137566137565