2 0.3440755208333333 0.34765625 0.09700520833333333 0.1064453125
2 0.529296875 0.51171875 0.17578125 0.078125
2 0.8984375 0.267333984375 0.059895833333333336 0.05615234375
2 0.6748046875 0.2734375 0.055338541666666664 0.052734375
2 0.5201822916666666 0.2763671875 0.06510416666666667 0.052734375
2 0.9173177083333334 0.24267578125 0.029947916666666668 0.0458984375
2 0.7174479166666666 0.271728515625 0.0390625 0.04541015625
2 0.994140625 0.27001953125 0.010416666666666666 0.0419921875
2 0.9358723958333334 0.279052734375 0.046223958333333336 0.04052734375
2 0.8483072916666666 0.274658203125 0.036458333333333336 0.03662109375
2 0.6331380208333334 0.266845703125 0.021484375 0.02783203125
2 0.76953125 0.283447265625 0.1171875 0.02587890625
2 0.6142578125 0.278076171875 0.048828125 0.01806640625
2 0.9524739583333334 0.2822265625 0.044270833333333336 0.017578125
2 0.8893229166666666 0.24755859375 0.03125 0.015625