4 0.9020182291666666 0.416015625 0.19596354166666666 0.0859375
0 0.08561197916666667 0.33984375 0.17122395833333334 0.08203125
4 0.8453776041666666 0.59765625 0.259765625 0.076171875
0 0.17936197916666666 0.883544921875 0.07877604166666667 0.07373046875
4 0.15983072916666666 0.609619140625 0.18684895833333334 0.07177734375
0 0.2838541666666667 0.39013671875 0.17057291666666666 0.0517578125
0 0.3512369791666667 0.3701171875 0.18033854166666666 0.05078125
0 0.4892578125 0.49072265625 0.10872395833333333 0.0458984375
0 0.3382161458333333 0.550537109375 0.177734375 0.04541015625
0 0.0625 0.462646484375 0.125 0.04541015625
0 0.4222005208333333 0.424560546875 0.150390625 0.04345703125
0 0.3955078125 0.48291015625 0.134765625 0.04296875
0 0.2451171875 0.433349609375 0.12825520833333334 0.03662109375
0 0.1748046875 0.45361328125 0.11002604166666667 0.0361328125
0 0.4847005208333333 0.443359375 0.080078125 0.03515625
0 0.015625 0.4130859375 0.03125 0.03125
4 0.6865234375 0.690673828125 0.2858072916666667 0.10888671875