0 0.8483072916666666 0.09228515625 0.3020833333333333 0.1748046875
0 0.7522786458333334 0.21484375 0.189453125 0.1279296875
4 0.6588541666666666 0.45654296875 0.3463541666666667 0.1064453125
0 0.6110026041666666 0.213134765625 0.12825520833333334 0.10009765625
0 0.6565755208333334 0.85888671875 0.306640625 0.099609375
0 0.5377604166666666 0.309814453125 0.048177083333333336 0.09619140625
0 0.64453125 0.2998046875 0.037760416666666664 0.087890625
4 0.3209635416666667 0.755859375 0.14453125 0.0830078125
4 0.3723958333333333 0.616943359375 0.24348958333333334 0.08154296875
4 0.4736328125 0.5224609375 0.24283854166666666 0.080078125
0 0.9733072916666666 0.273681640625 0.052083333333333336 0.07568359375
0 0.52734375 0.8193359375 0.21484375 0.0751953125
0 0.5419921875 0.40771484375 0.095703125 0.0654296875
0 0.6041666666666666 0.3818359375 0.06770833333333333 0.0595703125
0 0.8180338541666666 0.46044921875 0.09440104166666667 0.0576171875
0 0.4332682291666667 0.380859375 0.09440104166666667 0.0498046875
0 0.6946614583333334 0.38037109375 0.17447916666666666 0.0498046875
0 0.5543619791666666 0.377685546875 0.050130208333333336 0.04833984375
0 0.9475911458333334 0.471923828125 0.103515625 0.03759765625
0 0.6692708333333334 0.4267578125 0.061197916666666664 0.0302734375
0 0.7145182291666666 0.414306640625 0.06966145833333333 0.02978515625
0 0.7161458333333334 0.441162109375 0.06510416666666667 0.02783203125
0 0.7509765625 0.4599609375 0.060546875 0.0263671875
0 0.7805989583333334 0.4833984375 0.052083333333333336 0.0263671875
0 0.8570963541666666 0.45751953125 0.080078125 0.0380859375