4 0.4739583333333333 0.5615234375 0.6106770833333334 0.2607421875
0 0.392578125 0.328857421875 0.07291666666666667 0.15869140625
0 0.310546875 0.368408203125 0.11328125 0.14599609375
0 0.6087239583333334 0.387939453125 0.13541666666666666 0.11474609375
4 0.4303385416666667 0.948974609375 0.2994791666666667 0.10205078125
0 0.8662109375 0.680908203125 0.23111979166666666 0.09912109375
0 0.783203125 0.49658203125 0.1796875 0.0986328125
4 0.24869791666666666 0.830322265625 0.24609375 0.08154296875
0 0.012369791666666666 0.11474609375 0.024739583333333332 0.068359375
0 0.7867838541666666 0.7099609375 0.12434895833333333 0.064453125
0 0.9381510416666666 0.56396484375 0.12239583333333333 0.052734375
0 0.1357421875 0.59228515625 0.10221354166666667 0.044921875
0 0.22884114583333334 0.5712890625 0.07356770833333333 0.03125
0 0.0361328125 0.520263671875 0.072265625 0.02978515625
4 0.059895833333333336 0.86572265625 0 0