0 0.06574074074074074 0.6296875 0.13148148148148148 0.11666666666666667
0 0.3837962962962963 0.67578125 0.2712962962962963 0.11302083333333333
0 0.5944444444444444 0.4505208333333333 0.2351851851851852 0.10416666666666667
4 0.6842592592592592 0.29765625 0.6314814814814815 0.1015625
0 0.19166666666666668 0.6005208333333333 0.1685185185185185 0.09895833333333333
0 0.36203703703703705 0.40390625 0.15925925925925927 0.0984375
0 0.39675925925925926 0.5236979166666667 0.1527777777777778 0.0984375
0 0.9083333333333333 0.49296875 0.18333333333333332 0.0953125
0 0.7069444444444445 0.7166666666666667 0.1787037037037037 0.09270833333333334
0 0.8726851851851852 0.725 0.16574074074074074 0.09270833333333334
0 0.6087962962962963 0.5502604166666667 0.12129629629629629 0.09114583333333333
0 0.34953703703703703 0.57734375 0.14351851851851852 0.0890625
0 0.5958333333333333 0.3578125 0.17314814814814813 0.08333333333333333
0 0.7921296296296296 0.4578125 0.14166666666666666 0.07604166666666666
0 0.21296296296296297 0.51796875 0.1388888888888889 0.07447916666666667
0 0.7615740740740741 0.5752604166666667 0.16018518518518518 0.0734375
0 0.5449074074074074 0.6283854166666667 0.13796296296296295 0.07135416666666666
0 0.9009259259259259 0.5713541666666667 0.16666666666666666 0.065625
0 0.888425925925926 0.6395833333333333 0.13425925925925927 0.059375
0 0.9212962962962963 0.21953125 0.08888888888888889 0.0359375
0 0.32546296296296295 0.30052083333333335 0.06944444444444445 0.022916666666666665
0 0.9833333333333333 0.16927083333333334 0.03333333333333333 0.020833333333333332
0 0.20601851851851852 0.2421875 0.05648148148148148 0.020833333333333332
0 0.8555555555555555 0.14713541666666666 0.024074074074074074 0.0203125
0 0.6337962962962963 0.20520833333333333 0.049074074074074076 0.019791666666666666
0 0.8134259259259259 0.22161458333333334 0.05462962962962963 0.0171875
0 0.2550925925925926 0.06510416666666667 0.03796296296296296 0.014583333333333334
0 0.5976851851851852 0.10364583333333334 0.03796296296296296 0.0125