4 0.833984375 0.404541015625 0.3098958333333333 0.08251953125
0 0.3444010416666667 0.87646484375 0.1171875 0.08203125
0 0.059895833333333336 0.3212890625 0.11979166666666667 0.078125
4 0.4840494791666667 0.6025390625 0.24153645833333334 0.0673828125
0 0.3274739583333333 0.350341796875 0.1796875 0.06689453125
4 0.8193359375 0.5703125 0.216796875 0.0625
4 0.9518229166666666 0.71435546875 0.09505208333333333 0.052734375
0 0.4156901041666667 0.40185546875 0.15299479166666666 0.0498046875
0 0.06640625 0.462890625 0.1328125 0.048828125
0 0.2506510416666667 0.387451171875 0.1796875 0.04833984375
0 0.045572916666666664 0.421875 0.08984375 0.044921875
0 0.3870442708333333 0.54541015625 0.18294270833333334 0.044921875
0 0.3883463541666667 0.471435546875 0.146484375 0.04443359375
0 0.4645182291666667 0.433349609375 0.13606770833333334 0.04345703125
0 0.3489583333333333 0.421875 0.12630208333333334 0.0400390625
0 0.18880208333333334 0.423095703125 0.13932291666666666 0.03759765625
0 0.50390625 0.4599609375 0.12630208333333334 0.037109375
0 0.146484375 0.447265625 0.08723958333333333 0.0322265625