1 0.6985677083333334 0.231689453125 0.1171875 0.10302734375
1 0.5950520833333334 0.737548828125 0.07942708333333333 0.09912109375
1 0.7574869791666666 0.70947265625 0.13736979166666666 0.09765625
1 0.486328125 0.847900390625 0.13671875 0.09130859375
1 0.30078125 0.628173828125 0.12760416666666666 0.06787109375
1 0.7578125 0.5341796875 0.11197916666666667 0.0673828125
1 0.3583984375 0.822265625 0.11263020833333333 0.064453125
1 0.5810546875 0.487548828125 0.12825520833333334 0.06396484375
1 0.6243489583333334 0.455810546875 0.13020833333333334 0.06396484375
1 0.6643880208333334 0.533447265625 0.10872395833333333 0.06298828125
1 0.8365885416666666 0.51123046875 0.11458333333333333 0.0615234375
1 0.7415364583333334 0.837158203125 0.125 0.06103515625
1 0.9488932291666666 0.86669921875 0.10221354166666667 0.0576171875
1 0.4313151041666667 0.443115234375 0.14908854166666666 0.05712890625
1 0.9573567708333334 0.538818359375 0.08528645833333333 0.05322265625