4 0.13727678571428573 0.705191798941799 0.06820436507936507 0.25826719576719576
0 0.6431051587301587 0.7574404761904762 0.039186507936507936 0.2371031746031746
0 0.6788194444444444 0.19196428571428573 0.13740079365079366 0.10416666666666667
0 0.8048115079365079 0.5983796296296297 0.01240079365079365 0.10416666666666667
0 0.8561507936507936 0.06812169312169312 0.12797619047619047 0.07539682539682539
0 0.8621031746031746 0.6147486772486772 0.043154761904761904 0.05952380952380952
0 0.6248759920634921 0.9270833333333334 0.024057539682539684 0.05919312169312169
0 0.8973214285714286 0.699239417989418 0.04861111111111111 0.05919312169312169
0 0.5932539682539683 0.1974206349206349 0.041666666666666664 0.04298941798941799
0 0.5224454365079365 0.7843915343915344 0.040426587301587304 0.03968253968253968
0 0.4730902777777778 0.5456349206349206 0.037450396825396824 0.03306878306878307
0 0.5053323412698413 0.5221560846560847 0.028025793650793652 0.0291005291005291