0 0.5227864583333334 0.194580078125 0.953125 0.38818359375
0 0.13509114583333334 0.23974609375 0.2701822916666667 0.2275390625
0 0.18229166666666666 0.476806640625 0.3645833333333333 0.22412109375
4 0.69140625 0.5048828125 0.6158854166666666 0.2041015625
0 0.2701822916666667 0.741943359375 0.3645833333333333 0.12841796875
0 0.3590494791666667 0.587158203125 0.2923177083333333 0.09912109375
0 0.9283854166666666 0.5029296875 0.14192708333333334 0.0810546875
0 0.810546875 0.84619140625 0.1953125 0.078125
0 0.810546875 0.58203125 0.07942708333333333 0.06640625
4 0.6155598958333334 0.826416015625 0.099609375 0.06494140625
0 0.8268229166666666 0.640869140625 0.1015625 0.06396484375
0 0.6468098958333334 0.6435546875 0.130859375 0.0556640625
0 0.20247395833333334 0.63671875 0.08854166666666667 0.048828125
0 0.037109375 0.94873046875 0.07421875 0.0439453125
0 0.5276692708333334 0.654052734375 0.08528645833333333 0.04248046875
0 0.3225911458333333 0.649658203125 0.06966145833333333 0.04150390625
0 0.5901692708333334 0.696044921875 0.038411458333333336 0.04150390625
0 0.4449869791666667 0.6728515625 0.07096354166666667 0.0400390625
0 0.6090494791666666 0.658935546875 0.103515625 0.03662109375
0 0.036458333333333336 0.713623046875 0.06510416666666667 0.02978515625
0 0.4345703125 0.654052734375 0.08138020833333333 0.02392578125