2 0.0166015625 0.48095703125 0.033203125 0.0869140625
2 0.7115885416666666 0.5234375 0.059895833333333336 0.076171875
2 0.5914713541666666 0.531982421875 0.06705729166666667 0.06982421875
2 0.7884114583333334 0.528564453125 0.05859375 0.06982421875
2 0.4703776041666667 0.5244140625 0.057942708333333336 0.0615234375
2 0.19563802083333334 0.689697265625 0.16731770833333334 0.05908203125
2 0.2919921875 0.5009765625 0.048828125 0.0556640625
2 0.15364583333333334 0.504638671875 0.045572916666666664 0.05517578125
2 0.24967447916666666 0.51025390625 0.055338541666666664 0.0546875
2 0.8815104166666666 0.49951171875 0.049479166666666664 0.0546875
2 0.4186197916666667 0.52734375 0.0625 0.0537109375
2 0.4713541666666667 0.675537109375 0.22135416666666666 0.04248046875
2 0.9456380208333334 0.479736328125 0.048828125 0.04052734375
2 0.10970052083333333 0.50390625 0.039713541666666664 0.0380859375
2 0.21647135416666666 0.512939453125 0.043619791666666664 0.03564453125
2 0.18522135416666666 0.509765625 0.022786458333333332 0.0283203125
2 0.056966145833333336 0.51025390625 0.031901041666666664 0.0263671875
2 0.330078125 0.521484375 0.059895833333333336 0.0205078125
2 0.953125 0.42626953125 0.032552083333333336 0.0361328125