4 0.7120535714285714 0.6960978835978836 0.20684523809523808 0.20634920634920634
4 0.42671130952380953 0.31299603174603174 0.07663690476190477 0.11805555555555555
0 0.5226934523809523 0.3976521164021164 0.024057539682539684 0.06646825396825397
0 0.5409226190476191 0.4203042328042328 0.025297619047619048 0.05886243386243386
0 0.5577876984126984 0.3731812169312169 0.034722222222222224 0.055224867724867725
0 0.5794890873015873 0.44345238095238093 0.04389880952380952 0.05291005291005291
0 0.2803819444444444 0.18667328042328044 0.024057539682539684 0.04927248677248677
0 0.5807291666666666 0.4915674603174603 0.06671626984126984 0.04728835978835979
0 0.574280753968254 0.3402777777777778 0.04538690476190476 0.04431216931216931
0 0.5112847222222222 0.2845568783068783 0.022569444444444444 0.04398148148148148
0 0.6439732142857143 0.4166666666666667 0.024553571428571428 0.041005291005291
0 0.794890873015873 0.37996031746031744 0.039186507936507936 0.03902116402116402
0 0.5652281746031746 0.24057539682539683 0.014384920634920634 0.0248015873015873
0 0.6494295634920635 0.48726851851851855 0.014632936507936508 0.020833333333333332
0 0.7206101190476191 0.42509920634920634 0.01066468253968254 0.02017195767195767
0 0.7008928571428571 0.43171296296296297 0.022817460317460316 0.012235449735449735
0 0.4195188492063492 0.4771825396825397 0.07564484126984126 0.04298941798941799