0 0.5703125 0.90087890625 0.23307291666666666 0.1083984375
0 0.6979166666666666 0.252197265625 0.23046875 0.06982421875
4 0.921875 0.603271484375 0.15494791666666666 0.06787109375
4 0.4518229166666667 0.482421875 0.08984375 0.0654296875
0 0.771484375 0.737060546875 0.09114583333333333 0.06103515625
4 0.642578125 0.579833984375 0.13932291666666666 0.06005859375
0 0.8177083333333334 0.488525390625 0.10807291666666667 0.05126953125
0 0.7926432291666666 0.43212890625 0.07747395833333333 0.048828125
0 0.5276692708333334 0.473876953125 0.09830729166666667 0.04736328125
0 0.6598307291666666 0.455810546875 0.09309895833333333 0.04150390625
4 0.5013020833333334 0.548583984375 0.14453125 0.04052734375
0 0.37890625 0.48681640625 0.10416666666666667 0.0341796875
0 0.8577473958333334 0.443115234375 0.054036458333333336 0.03271484375
0 0.232421875 0.51025390625 0.053385416666666664 0.0283203125
0 0.3245442708333333 0.46630859375 0.07486979166666667 0.0263671875
0 0.5794270833333334 0.43896484375 0.06640625 0.0224609375
4 0.5826822916666666 0.2958984375 0 0
0 0.458984375 0.5576171875 0.09895833333333333 0.0478515625