2 0.3177083333333333 0.183837890625 0.07552083333333333 0.12646484375
2 0.5439453125 0.5078125 0.4524739583333333 0.1220703125
2 0.9830729166666666 0.200927734375 0.032552083333333336 0.08544921875
2 0.3818359375 0.142578125 0.035807291666666664 0.0751953125
2 0.4244791666666667 0.390625 0.09505208333333333 0.068359375
2 0.17936197916666666 0.15771484375 0.048828125 0.05859375
2 0.44140625 0.156494140625 0.049479166666666664 0.05712890625
2 0.41796875 0.13330078125 0.032552083333333336 0.0478515625
2 0.22102864583333334 0.150390625 0.031901041666666664 0.0458984375
2 0.4143880208333333 0.18896484375 0.08138020833333333 0.0458984375
2 0.4928385416666667 0.15185546875 0.03125 0.0419921875
2 0.5563151041666666 0.153564453125 0.033203125 0.04052734375
2 0.5234375 0.151123046875 0.036458333333333336 0.03955078125
2 0.014973958333333334 0.153564453125 0.029947916666666668 0.03857421875
2 0.7789713541666666 0.179443359375 0.026692708333333332 0.03759765625
2 0.7112630208333334 0.163818359375 0.033203125 0.03466796875
2 0.6666666666666666 0.162353515625 0.03515625 0.02978515625
2 0.5813802083333334 0.176513671875 0.033854166666666664 0.02880859375
2 0.8551432291666666 0.1708984375 0.022786458333333332 0.0283203125
2 0.08072916666666667 0.1572265625 0.049479166666666664 0.0244140625
2 0.13151041666666666 0.1474609375 0.029947916666666668 0.021484375
2 0.5485026041666666 0.1064453125 0.061848958333333336 0.0146484375