4 0.4749348958333333 0.559326171875 0.513671875 0.16845703125
0 0.7669270833333334 0.68310546875 0.1171875 0.072265625
0 0.65234375 0.642822265625 0.21354166666666666 0.07177734375
0 0.5426432291666666 0.31884765625 0.166015625 0.0625
0 0.4241536458333333 0.400146484375 0.14908854166666666 0.05908203125
0 0.7431640625 0.58349609375 0.13606770833333334 0.05859375
0 0.21223958333333334 0.391357421875 0.1796875 0.05810546875
0 0.7639973958333334 0.644775390625 0.10221354166666667 0.05810546875
0 0.765625 0.318115234375 0.16015625 0.05615234375
4 0.7819010416666666 0.4052734375 0.19791666666666666 0.0556640625
0 0.53125 0.416259765625 0.12890625 0.05517578125
0 0.5478515625 0.197509765625 0.158203125 0.04931640625
0 0.6041666666666666 0.43017578125 0.10026041666666667 0.0478515625
0 0.3860677083333333 0.33935546875 0.13802083333333334 0.046875
0 0.7574869791666666 0.16748046875 0.11653645833333333 0.046875
0 0.06803385416666667 0.815185546875 0.10872395833333333 0.07861328125