4 0.5279947916666666 0.468505859375 0.17317708333333334 0.11962890625
0 0.09016927083333333 0.104248046875 0.18033854166666666 0.11962890625
4 0.802734375 0.5751953125 0.3932291666666667 0.1162109375
0 0.2962239583333333 0.17431640625 0.16927083333333334 0.1005859375
4 0.9456380208333334 0.433349609375 0.10872395833333333 0.08447265625
0 0.1162109375 0.138671875 0.18684895833333334 0.0771484375
0 0.8053385416666666 0.2294921875 0.23046875 0.0693359375
0 0.4827473958333333 0.194091796875 0.19205729166666666 0.06396484375
0 0.2945963541666667 0.224365234375 0.216796875 0.06103515625
0 0.18359375 0.030029296875 0.16796875 0.06005859375
0 0.7731119791666666 0.153076171875 0.177734375 0.05419921875
4 0.7620442708333334 0.30712890625 0.244140625 0.05078125
0 0.5686848958333334 0.22265625 0.162109375 0.048828125
0 0.8525390625 0.174072265625 0.150390625 0.04541015625
0 0.4208984375 0.022216796875 0.09440104166666667 0.04443359375