0 0.25390625 0.4713128306878307 0.05642361111111111 0.03257275132275132
0 0.10962301587301587 0.4966104497354497 0.01984126984126984 0.027612433862433863
0 0.39967757936507936 0.4305555555555556 0.011160714285714286 0.028439153439153438
0 0.44642857142857145 0.3350694444444444 0.06696428571428571 0.047784391534391533
0 0.8323412698412699 0.32415674603174605 0.040674603174603176 0.033234126984126984
0 0.8115699404761905 0.533151455026455 0.03881448412698413 0.06696428571428571
0 0.8803943452380952 0.455026455026455 0.029637896825396824 0.02447089947089947
0 0.8969494047619048 0.27587632275132273 0.031001984126984128 0.023974867724867725
0 0.6182415674603174 0.5942460317460317 0.037078373015873016 0.031746031746031744
0 0.853546626984127 0.8791335978835979 0.034970238095238096 0.0419973544973545
0 0.9029017857142857 0.7195767195767195 0.03844246031746032 0.027777777777777776
0 0.3738219246031746 0.701306216931217 0.027405753968253968 0.02628968253968254
0 0.7134796626984127 0.2134589947089947 0.021701388888888888 0.01951058201058201
0 0.9645337301587301 0.31919642857142855 0.018353174603174604 0.02662037037037037
0 0.7351190476190477 0.16046626984126985 0.020833333333333332 0.014054232804232803
0 0.949156746031746 0.5241402116402116 0.014384920634920634 0.03306878306878307
0 0.25744047619047616 0.7061838624338624 0.01636904761904762 0.03670634920634921
0 0.9579613095238095 0.18039021164021163 0.009672619047619048 0.028108465608465607
4 0.3167162698412698 0.27562830687830686 0.0744047619047619 0.14384920634920634