0 0.7220052083333334 0.151611328125 0.16015625 0.21142578125
0 0.7721354166666666 0.302001953125 0.16145833333333334 0.12548828125
0 0.8382161458333334 0.199951171875 0.18294270833333334 0.12548828125
0 0.8880208333333334 0.100341796875 0.22265625 0.11376953125
4 0.8977864583333334 0.43896484375 0.203125 0.1083984375
4 0.5081380208333334 0.63720703125 0.255859375 0.099609375
0 0.8167317708333334 0.8603515625 0.21809895833333334 0.09765625
0 0.5621744791666666 0.3125 0.059244791666666664 0.087890625
0 0.9599609375 0.175537109375 0.080078125 0.08544921875
4 0.5875651041666666 0.536865234375 0.17903645833333334 0.08349609375
0 0.5263671875 0.351318359375 0.080078125 0.08154296875
0 0.7083333333333334 0.320068359375 0.17317708333333334 0.08154296875
4 0.40625 0.703857421875 0.125 0.07568359375
0 0.4052734375 0.76611328125 0.06966145833333333 0.0751953125
4 0.4401041666666667 0.495849609375 0.16145833333333334 0.06396484375
0 0.7347005208333334 0.427734375 0.064453125 0.05859375
0 0.7962239583333334 0.41259765625 0.09505208333333333 0.052734375
0 0.7861328125 0.427001953125 0.080078125 0.04443359375
0 0.630859375 0.377197265625 0.06640625 0.04345703125
0 0.5641276041666666 0.40283203125 0.09700520833333333 0.0419921875
0 0.6712239583333334 0.421630859375 0.09114583333333333 0.04150390625
0 0.6982421875 0.3984375 0.051432291666666664 0.03125