4 0.8147786458333334 0.653564453125 0.3001302083333333 0.13916015625
4 0.4967447916666667 0.404541015625 0.22135416666666666 0.12939453125
4 0.4912109375 0.551025390625 0.16080729166666666 0.11376953125
0 0.7076822916666666 0.1552734375 0.17317708333333334 0.0712890625
0 0.24251302083333334 0.117919921875 0.15559895833333334 0.06396484375
4 0.4365234375 0.63818359375 0.23502604166666666 0.0517578125
0 0.21354166666666666 0.171142578125 0.15885416666666666 0.04345703125
0 0.052083333333333336 0.1220703125 0.10416666666666667 0.0419921875
0 0.035481770833333336 0.19677734375 0.07096354166666667 0.0400390625
0 0.06770833333333333 0.114013671875 0.13541666666666666 0.02880859375
0 0.0556640625 0.0673828125 0.111328125 0.0458984375