2 0.517578125 0.6575520833333334 0.2998046875 0.19921875
2 0.533935546875 0.4612630208333333 0.04931640625 0.08919270833333333
2 0.63037109375 0.4612630208333333 0.0400390625 0.08528645833333333
2 0.377197265625 0.51171875 0.04345703125 0.06901041666666667
2 0.81591796875 0.4283854166666667 0.037109375 0.06901041666666667
2 0.59375 0.4684244791666667 0.03125 0.061848958333333336
2 0.475341796875 0.484375 0.03564453125 0.061197916666666664
2 0.4599609375 0.4814453125 0.0234375 0.052734375
2 0.746337890625 0.4498697916666667 0.02392578125 0.052083333333333336
2 0.737548828125 0.4407552083333333 0.02392578125 0.048177083333333336
2 0.678955078125 0.4703776041666667 0.01318359375 0.037109375
2 0.702392578125 0.4697265625 0.02392578125 0.030598958333333332
2 0.829345703125 0.3919270833333333 0.02490234375 0.049479166666666664