0 0.3811848958333333 0.199951171875 0.466796875 0.34814453125
0 0.5872395833333334 0.5751953125 0.2265625 0.234375
0 0.8365885416666666 0.748779296875 0.23828125 0.19287109375
0 0.7024739583333334 0.393310546875 0.13151041666666666 0.19091796875
0 0.0927734375 0.66015625 0.046223958333333336 0.0732421875
0 0.3938802083333333 0.632080078125 0.055989583333333336 0.06494140625
0 0.2747395833333333 0.617919921875 0.0703125 0.06298828125
0 0.0322265625 0.734375 0.064453125 0.052734375
0 0.4710286458333333 0.6630859375 0.06966145833333333 0.0517578125
0 0.3053385416666667 0.68017578125 0.08854166666666667 0.05078125
0 0.16536458333333334 0.670654296875 0.08463541666666667 0.03759765625
0 0.3232421875 0.611083984375 0.056640625 0.03662109375
0 0.0927734375 0.680419921875 0.10091145833333333 0.03662109375
0 0.042643229166666664 0.73583984375 0.08528645833333333 0.03515625