0 0.734375 0.16162109375 0.13411458333333334 0.1650390625
0 0.6829427083333334 0.311279296875 0.24739583333333334 0.10986328125
4 0.5309244791666666 0.545166015625 0.314453125 0.10693359375
0 0.8525390625 0.45751953125 0.068359375 0.0810546875
0 0.13346354166666666 0.3564453125 0.2109375 0.0751953125
0 0.9208984375 0.3935546875 0.158203125 0.07421875
4 0.5908203125 0.6357421875 0.220703125 0.064453125
0 0.06315104166666667 0.462158203125 0.12630208333333334 0.05126953125
0 0.9527994791666666 0.4560546875 0.09440104166666667 0.05078125
0 0.3743489583333333 0.38818359375 0.15234375 0.0439453125
0 0.5986328125 0.388671875 0.14127604166666666 0.04296875
0 0.7294921875 0.44287109375 0.14778645833333334 0.0419921875
0 0.8463541666666666 0.46484375 0.13020833333333334 0.0419921875
0 0.5712890625 0.446533203125 0.13997395833333334 0.04150390625
0 0.2099609375 0.414306640625 0.15950520833333334 0.04052734375
0 0.19303385416666666 0.3935546875 0.12044270833333333 0.0390625
0 0.3102213541666667 0.41259765625 0.11653645833333333 0.0380859375
0 0.015625 0.380126953125 0.03125 0.03759765625
0 0.3889973958333333 0.228515625 0.318359375 0.1181640625