4 0.5006510416666666 0.468017578125 0.15104166666666666 0.14892578125
0 0.2779947916666667 0.061279296875 0.4244791666666667 0.12255859375
0 0.10123697916666667 0.205078125 0.115234375 0.0849609375
4 0.18229166666666666 0.474853515625 0.09244791666666667 0.05322265625
0 0.2991536458333333 0.70849609375 0.08268229166666667 0.05078125
0 0.12760416666666666 0.414306640625 0.026041666666666668 0.04248046875
0 0.06770833333333333 0.541259765625 0.045572916666666664 0.04052734375
4 0.3697916666666667 0.60205078125 0.0859375 0.0400390625
0 0.5611979166666666 0.270263671875 0.049479166666666664 0.03759765625
4 0.5162760416666666 0.683349609375 0.053385416666666664 0.03662109375
0 0.06380208333333333 0.445068359375 0.07552083333333333 0.03466796875
6 0.06510416666666667 0.77294921875 0.11328125 0.0341796875
0 0.599609375 0.5751953125 0.0859375 0.0302734375
0 0.2314453125 0.427978515625 0.09049479166666667 0.02978515625
0 0.34375 0.412109375 0.08854166666666667 0.029296875
0 0.6188151041666666 0.43701171875 0.08658854166666667 0.029296875
0 0.5309244791666666 0.52490234375 0.06315104166666667 0.0283203125
0 0.6666666666666666 0.467529296875 0.08723958333333333 0.02783203125
0 0.40625 0.44677734375 0.08723958333333333 0.0263671875
0 0.2877604166666667 0.476318359375 0.08463541666666667 0.02587890625
0 0.197265625 0.416015625 0.08463541666666667 0.025390625
0 0.28515625 0.458984375 0.046875 0.025390625
0 0.6741536458333334 0.436279296875 0.08138020833333333 0.02490234375
0 0.4654947916666667 0.4296875 0.06770833333333333 0.0244140625
0 0.69921875 0.535400390625 0.029947916666666668 0.02392578125
0 0.69921875 0.55078125 0.014322916666666666 0.013671875
0 0.6598307291666666 0.5556640625 0.027994791666666668 0.0107421875
0 0.6793619791666666 0.578857421875 0.013671875 0.01025390625
0 0.7467447916666666 0.557861328125 0.022135416666666668 0.00927734375
0 0.6695963541666666 0.56591796875 0.014973958333333334 0.0087890625