4 0.5505952380952381 0.4679232804232804 0.046130952380952384 0.21164021164021163
4 0.28695436507936506 0.21742724867724866 0.07043650793650794 0.12665343915343916
4 0.6122271825396826 0.10582010582010581 0.11631944444444445 0.09060846560846561
4 0.39657738095238093 0.48048941798941797 0.08134920634920635 0.083994708994709
4 0.28621031746031744 0.5348875661375662 0.0625 0.06845238095238096
0 0.3947172619047619 0.9206349206349206 0.01711309523809524 0.06283068783068783
0 0.4599454365079365 0.8746693121693122 0.026041666666666668 0.057539682539682536
0 0.3567708333333333 0.8738425925925926 0.025049603174603176 0.05588624338624339
0 0.328125 0.7096560846560847 0.011904761904761904 0.05423280423280423
0 0.4830109126984127 0.5649801587301587 0.01711309523809524 0.05324074074074074
0 0.2771577380952381 0.767691798941799 0.019097222222222224 0.05191798941798942
0 0.6352926587301587 0.8601190476190477 0.022569444444444444 0.04298941798941799
0 0.35912698412698413 0.9621362433862434 0.01636904761904762 0.028108465608465607
0 0.5715525793650794 0.62880291005291 0.011160714285714286 0.028108465608465607
0 0.5912698412698413 0.6316137566137566 0.013888888888888888 0.02447089947089947
0 0.5856894841269841 0.5909391534391535 0.01314484126984127 0.02447089947089947
0 0.31547619047619047 0.7410714285714286 0.010416666666666666 0.021825396825396824
0 0.3777281746031746 0.2791005291005291 0.008432539682539682 0.021164021164021163
0 0.34858630952380953 0.376984126984127 0.012152777777777778 0.0205026455026455
0 0.3617311507936508 0.43584656084656087 0.009672619047619048 0.013227513227513227
0 0.37313988095238093 0.4460978835978836 0.01066468253968254 0.011904761904761904
0 0.2941468253968254 0.3665674603174603 0.010912698412698412 0.010912698412698412
0 0.353546626984127 0.7640542328042328 0.019593253968253968 0.05654761904761905