0 0.21419270833333334 0.221435546875 0.4283854166666667 0.24072265625
4 0.7265625 0.66015625 0.41015625 0.2353515625
0 0.453125 0.42333984375 0.3997395833333333 0.1728515625
0 0.21354166666666666 0.0693359375 0.12369791666666667 0.138671875
0 0.9527994791666666 0.387939453125 0.09440104166666667 0.11767578125
0 0.01953125 0.55126953125 0.0390625 0.115234375
0 0.18131510416666666 0.3837890625 0.10611979166666667 0.103515625
4 0.3072916666666667 0.754150390625 0.22395833333333334 0.09033203125
0 0.041341145833333336 0.402587890625 0.08268229166666667 0.07666015625
0 0.060221354166666664 0.2646484375 0.12044270833333333 0.06640625
0 0.056640625 0.51708984375 0.11328125 0.0615234375