0 0.13444010416666666 0.211181640625 0.099609375 0.08056640625
4 0.060872395833333336 0.359375 0.12174479166666667 0.0693359375
6 0.6526692708333334 0.51171875 0.181640625 0.0625
4 0.275390625 0.082763671875 0.08984375 0.06201171875
4 0.052408854166666664 0.0751953125 0.10221354166666667 0.0615234375
0 0.2265625 0.03173828125 0.13802083333333334 0.052734375
0 0.5100911458333334 0.074462890625 0.047526041666666664 0.05029296875
0 0.19205729166666666 0.404296875 0.061197916666666664 0.048828125
6 0.2591145833333333 0.4833984375 0.14453125 0.046875
0 0.3893229166666667 0.085205078125 0.09114583333333333 0.04443359375
0 0.2275390625 0.026611328125 0.09830729166666667 0.04052734375
0 0.5406901041666666 0.17431640625 0.07877604166666667 0.0400390625
0 0.4039713541666667 0.1923828125 0.056640625 0.0390625
0 0.6080729166666666 0.1845703125 0.06510416666666667 0.0390625
0 0.4798177083333333 0.114501953125 0.06901041666666667 0.03857421875
0 0.3912760416666667 0.115478515625 0.07291666666666667 0.03662109375
0 0.4248046875 0.04052734375 0.099609375 0.0341796875
0 0.8134765625 0.0966796875 0.10872395833333333 0.033203125
0 0.6604817708333334 0.081298828125 0.09830729166666667 0.03271484375
0 0.9098307291666666 0.09765625 0.057942708333333336 0.0322265625
0 0.6552734375 0.14404296875 0.09309895833333333 0.0322265625
0 0.4925130208333333 0.039794921875 0.06966145833333333 0.03173828125
0 0.5810546875 0.10205078125 0.087890625 0.03125
0 0.8313802083333334 0.186279296875 0.10416666666666667 0.03076171875
0 0.171875 0.440185546875 0.0390625 0.03076171875
0 0.8916015625 0.134033203125 0.06575520833333333 0.02978515625
0 0.7337239583333334 0.13818359375 0.0703125 0.029296875
0 0.7708333333333334 0.169189453125 0.10416666666666667 0.02880859375
0 0.5455729166666666 0.34521484375 0.06510416666666667 0.02734375
0 0.666015625 0.103271484375 0.09765625 0.02392578125