4 0.2503255208333333 0.05517578125 0.3092447916666667 0.1064453125
4 0.060872395833333336 0.14404296875 0.119140625 0.1064453125
4 0.2392578125 0.39501953125 0.17122395833333334 0.080078125
4 0.5403645833333334 0.262451171875 0.12369791666666667 0.07568359375
4 0.8304036458333334 0.359619140625 0.2532552083333333 0.06884765625
0 0.22493489583333334 0.084228515625 0.126953125 0.05126953125
0 0.5823567708333334 0.107177734375 0.09700520833333333 0.04833984375
0 0.8756510416666666 0.11767578125 0.078125 0.04296875
0 0.412109375 0.201904296875 0.1171875 0.04052734375
0 0.7249348958333334 0.15966796875 0.09049479166666667 0.0390625
0 0.9593098958333334 0.24658203125 0.08138020833333333 0.0390625
0 0.2815755208333333 0.1435546875 0.138671875 0.037109375
0 0.4358723958333333 0.185302734375 0.115234375 0.03662109375
0 0.6839192708333334 0.187255859375 0.10091145833333333 0.03564453125
0 0.658203125 0.155517578125 0.11979166666666667 0.03564453125
0 0.8551432291666666 0.180419921875 0.091796875 0.03564453125
0 0.2623697916666667 0.151611328125 0.11979166666666667 0.03564453125
0 0.7708333333333334 0.17041015625 0.06510416666666667 0.0341796875
0 0.6595052083333334 0.141845703125 0.08854166666666667 0.03271484375
6 0.5436197916666666 0.497802734375 0.09375 0.03271484375
0 0.9365234375 0.15234375 0.083984375 0.0322265625
0 0.712890625 0.44580078125 0.08723958333333333 0.03125
0 0.5947265625 0.1357421875 0.08138020833333333 0.03125
0 0.8173828125 0.13916015625 0.087890625 0.0302734375
0 0.8040364583333334 0.4375 0.07291666666666667 0.0244140625