1 0.8712797619047619 0.199239417989418 0.08928571428571429 0.09689153439153439
1 0.9588293650793651 0.4624669312169312 0.08134920634920635 0.21329365079365079
1 0.9097222222222222 0.4646164021164021 0.07142857142857142 0.08068783068783068
1 0.8323412698412699 0.529431216931217 0.08283730158730158 0.11243386243386243
1 0.785218253968254 0.517691798941799 0.1130952380952381 0.17625661375661375
1 0.7693452380952381 0.32142857142857145 0.1691468253968254 0.18055555555555555
1 0.6290922619047619 0.25033068783068785 0.12921626984126985 0.20436507936507936
1 0.6710069444444444 0.3897156084656085 0.07415674603174603 0.1173941798941799
1 0.5972222222222222 0.39467592592592593 0.08531746031746032 0.11408730158730158
1 0.5958581349206349 0.4809854497354497 0.06969246031746032 0.0916005291005291
1 0.5059523809523809 0.24173280423280424 0.10912698412698413 0.17857142857142858
1 0.45498511904761907 0.3548280423280423 0.1619543650793651 0.14947089947089948
1 0.5152529761904762 0.5545634920634921 0.0900297619047619 0.09656084656084656
1 0.333953373015873 0.5444775132275133 0.09995039682539683 0.11673280423280423
1 0.2601686507936508 0.4748677248677249 0.09176587301587301 0.12764550264550265
1 0.18687996031746032 0.48462301587301587 0.0845734126984127 0.12731481481481483
1 0.31101190476190477 0.28935185185185186 0.1488095238095238 0.14351851851851852
1 0.17100694444444445 0.19857804232804233 0.08159722222222222 0.10218253968253968
1 0.08841765873015874 0.2508267195767196 0.09796626984126984 0.09755291005291006
1 0.1318204365079365 0.3460648148148148 0.10342261904761904 0.13855820105820105
1 0.13442460317460317 0.5610119047619048 0.0798611111111111 0.0796957671957672
1 0.06138392857142857 0.17774470899470898 0.09052579365079365 0.08630952380952381
1 0.3628472222222222 0.22337962962962962 0.1076388888888889 0.1412037037037037
1 0.4539930555555556 0.490244708994709 0.12276785714285714 0.1775793650793651
1 0.5422867063492064 0.22040343915343916 0.07217261904761904 0.1550925925925926
1 0.1701388888888889 0.4201388888888889 0.1130952380952381 0.11541005291005291
1 0.9451884920634921 0.29034391534391535 0.10962301587301587 0.16997354497354497
1 0.869171626984127 0.28191137566137564 0.1440972222222222 0.12996031746031747
1 0.6924603174603174 0.5686177248677249 0.13293650793650794 0.10747354497354497
1 0.28311011904761907 0.21957671957671956 0.07762896825396826 0.07341269841269842
1 0.28596230158730157 0.3725198412698413 0.08333333333333333 0.1001984126984127
1 0.029265873015873016 0.3506944444444444 0.05654761904761905 0.09821428571428571
1 0.013268849206349206 0.5416666666666666 0.026537698412698412 0.07539682539682539