2 0.5192057291666666 0.4853515625 0.10611979166666667 0.12109375
2 0.4010416666666667 0.3955078125 0.03515625 0.05859375
2 0.599609375 0.396240234375 0.03515625 0.05517578125
2 0.7526041666666666 0.39208984375 0.033854166666666664 0.0517578125
2 0.6516927083333334 0.364990234375 0.040364583333333336 0.04248046875
2 0.958984375 0.380859375 0.028645833333333332 0.041015625
2 0.7037760416666666 0.40185546875 0.0546875 0.0400390625
2 0.796875 0.38720703125 0.032552083333333336 0.0380859375
2 0.8170572916666666 0.382568359375 0.022135416666666668 0.03466796875
2 0.55859375 0.385986328125 0.022135416666666668 0.02783203125
2 0.904296875 0.3916015625 0.0234375 0.021484375
2 0.509765625 0.388671875 0.032552083333333336 0.0361328125