1 0.6490885416666666 0.564208984375 0.2942708333333333 0.14306640625
1 0.10970052083333333 0.830810546875 0.21940104166666666 0.12744140625
1 0.015625 0.23486328125 0.03125 0.123046875
1 0.8629557291666666 0.56005859375 0.259765625 0.10546875
1 0.17252604166666666 0.5771484375 0.2864583333333333 0.103515625
1 0.0751953125 0.7431640625 0.150390625 0.103515625
1 0.6087239583333334 0.7958984375 0.17317708333333334 0.08984375
1 0.027018229166666668 0.5439453125 0.054036458333333336 0.0859375
1 0.4205729166666667 0.81103515625 0.14973958333333334 0.0595703125
1 0.3304036458333333 0.662109375 0.138671875 0.0517578125
1 0.4912109375 0.791259765625 0.115234375 0.04931640625
1 0.3815104166666667 0.78515625 0.08723958333333333 0.0478515625
1 0.06315104166666667 0.960205078125 0.12630208333333334 0.07958984375