1 0.6712239583333334 0.119384765625 0.24739583333333334 0.22216796875
1 0.4482421875 0.34326171875 0.119140625 0.1484375
1 0.8955078125 0.76513671875 0.20768229166666666 0.1416015625
1 0.6985677083333334 0.27880859375 0.2994791666666667 0.1376953125
1 0.9684244791666666 0.337158203125 0.061848958333333336 0.13427734375
1 0.4075520833333333 0.4931640625 0.22005208333333334 0.126953125
1 0.6282552083333334 0.404296875 0.16927083333333334 0.1259765625
1 0.3014322916666667 0.75244140625 0.13020833333333334 0.119140625
1 0.3577473958333333 0.568115234375 0.12174479166666667 0.10791015625
1 0.6588541666666666 0.587890625 0.17317708333333334 0.099609375
1 0.3736979166666667 0.911865234375 0.15885416666666666 0.09814453125
1 0.1171875 0.607421875 0.08333333333333333 0.0927734375
1 0.5361328125 0.877685546875 0.16731770833333334 0.08251953125
1 0.20279947916666666 0.46435546875 0.12565104166666666 0.06640625
1 0.16080729166666666 0.402587890625 0.11458333333333333 0.06396484375
1 0.031901041666666664 0.0537109375 0.06380208333333333 0.0595703125
1 0.042643229166666664 0.649169921875 0.052734375 0.05224609375
1 0.2060546875 0.687744140625 0.09049479166666667 0.05029296875
1 0.12044270833333333 0.786865234375 0.036458333333333336 0.03369140625
1 0.008463541666666666 0.23779296875 0.016927083333333332 0.0478515625