0 0.7651909722222222 0.4713128306878307 0.05766369047619048 0.10929232804232804
0 0.906187996031746 0.4406415343915344 0.049975198412698416 0.05919312169312169
0 0.9603794642857143 0.736441798941799 0.06708829365079365 0.07142857142857142
0 0.8116319444444444 0.8964120370370371 0.05133928571428571 0.08118386243386243
0 0.48226686507936506 0.9869378306878307 0.031994047619047616 0.026124338624338623
0 0.1693328373015873 0.9370866402116402 0.026661706349206348 0.06001984126984127
0 0.49342757936507936 0.30481150793650796 0.045882936507936505 0.06266534391534391
0 0.6948164682539683 0.06274801587301587 0.06125992063492063 0.06398809523809523
0 0.6062127976190477 0.09110449735449735 0.019965277777777776 0.03670634920634921
0 0.7757316468253969 0.10672949735449735 0.035590277777777776 0.06597222222222222
0 0.5381944444444444 0.8859126984126984 0.028769841269841268 0.03042328042328042
0 0.5088045634920635 0.9054232804232805 0.033482142857142856 0.037698412698412696
0 0.42150297619047616 0.4748677248677249 0.028025793650793652 0.03439153439153439
0 0.21044146825396826 0.44841269841269843 0.01711309523809524 0.03968253968253968