2 0.7171223958333334 0.6171875 0.076171875 0.0810546875
2 0.2903645833333333 0.556396484375 0.04296875 0.05615234375
2 0.14713541666666666 0.559814453125 0.044270833333333336 0.05419921875
2 0.18815104166666666 0.561279296875 0.029947916666666668 0.04833984375
2 0.06673177083333333 0.56396484375 0.07747395833333333 0.0478515625
2 0.2216796875 0.560546875 0.025390625 0.046875
2 0.3984375 0.523681640625 0.05859375 0.04541015625
2 0.6155598958333334 0.483154296875 0.042317708333333336 0.04345703125
2 0.09342447916666667 0.547119140625 0.050130208333333336 0.04052734375
2 0.3372395833333333 0.526611328125 0.029947916666666668 0.03759765625
2 0.048177083333333336 0.5302734375 0.037760416666666664 0.0361328125
2 0.7281901041666666 0.479736328125 0.041015625 0.03076171875
2 0.24772135416666666 0.569580078125 0.050130208333333336 0.02880859375
2 0.5276692708333334 0.54736328125 0.039713541666666664 0.0244140625
2 0.013346354166666666 0.552734375 0.026692708333333332 0.0185546875
2 0.787109375 0.7451171875 0.2799479166666667 0.07421875