3 0.4807942708333333 0.32958984375 0.09700520833333333 0.087890625
3 0.6201171875 0.326171875 0.064453125 0.0859375
3 0.6865234375 0.323974609375 0.06575520833333333 0.08544921875
3 0.2981770833333333 0.290771484375 0.07682291666666667 0.06787109375
3 0.9124348958333334 0.396484375 0.08138020833333333 0.0634765625
3 0.5302734375 0.320556640625 0.057942708333333336 0.06005859375
3 0.677734375 0.20263671875 0.0546875 0.05859375
3 0.7259114583333334 0.203125 0.046875 0.0546875
3 0.076171875 0.3212890625 0.045572916666666664 0.0546875
3 0.9091796875 0.03466796875 0.06705729166666667 0.044921875
3 0.014973958333333334 0.31103515625 0.029947916666666668 0.0361328125
3 0.23697916666666666 0.459228515625 0.2786458333333333 0.07470703125