2 0.3841145833333333 0.715087890625 0.4934895833333333 0.15283203125
2 0.6259765625 0.615478515625 0.21028645833333334 0.10302734375
2 0.3759765625 0.30126953125 0.037109375 0.099609375
2 0.802734375 0.577392578125 0.2916666666666667 0.08056640625
2 0.18326822916666666 0.325927734375 0.064453125 0.07373046875
2 0.5960286458333334 0.3173828125 0.044921875 0.068359375
2 0.5279947916666666 0.324951171875 0.045572916666666664 0.06494140625
2 0.7376302083333334 0.291748046875 0.041666666666666664 0.06494140625
2 0.048828125 0.27978515625 0.045572916666666664 0.0634765625
2 0.5247395833333334 0.49658203125 0.1953125 0.0546875
2 0.9147135416666666 0.500732421875 0.08854166666666667 0.04443359375
2 0.013671875 0.29736328125 0.02734375 0.04296875
2 0.7734375 0.29345703125 0.024739583333333332 0.04296875
2 0.15657552083333334 0.287841796875 0.029296875 0.03662109375
2 0.015950520833333332 0.265380859375 0.027994791666666668 0.03662109375
2 0.2509765625 0.3056640625 0.046223958333333336 0.0361328125
2 0.7991536458333334 0.300537109375 0.021484375 0.03466796875
2 0.88671875 0.458740234375 0.13671875 0.03271484375
2 0.8304036458333334 0.3134765625 0.027994791666666668 0.029296875
2 0.8990885416666666 0.310302734375 0.0234375 0.02685546875
2 0.8567708333333334 0.3095703125 0.0234375 0.0263671875