6 0.32589285714285715 0.6180555555555556 0.2802579365079365 0.29365079365079366
0 0.9280753968253969 0.08531746031746032 0.04117063492063492 0.08597883597883597
0 0.7258184523809523 0.8334986772486772 0.030009920634920636 0.06316137566137567
0 0.20684523809523808 0.07275132275132275 0.02976190476190476 0.05423280423280423
0 0.24975198412698413 0.09656084656084656 0.028273809523809524 0.05291005291005291
0 0.9778025793650794 0.4105489417989418 0.011160714285714286 0.04332010582010582
0 0.359375 0.03406084656084656 0.0689484126984127 0.041666666666666664
0 0.32762896825396826 0.36706349206349204 0.01984126984126984 0.03968253968253968
0 0.9921875 0.08548280423280423 0.015625 0.03802910052910053
0 0.15265376984126985 0.08564814814814815 0.035962301587301584 0.03373015873015873
0 0.34263392857142855 0.015873015873015872 0.05828373015873016 0.031746031746031744
0 0.21081349206349206 0.13095238095238096 0.016865079365079364 0.031746031746031744
0 0.9755704365079365 0.5302579365079365 0.04389880952380952 0.02546296296296296
0 0.42398313492063494 0.2099867724867725 0.05828373015873016 0.02513227513227513
0 0.8494543650793651 0.27662037037037035 0.056051587301587304 0.022817460317460316
0 0.37710813492063494 0.17989417989417988 0.02554563492063492 0.021825396825396824
0 0.36495535714285715 0.1431878306878307 0.024057539682539684 0.021825396825396824
0 0.40625 0.11772486772486772 0.05654761904761905 0.018518518518518517
0 0.5536954365079365 0.42724867724867727 0.03695436507936508 0.017195767195767195
0 0.12388392857142858 0.16964285714285715 0.03298611111111111 0.01455026455026455
0 0.5251736111111112 0.2791005291005291 0.015625 0.01455026455026455