1 0.7300925925925926 0.240625 0.2175925925925926 0.12395833333333334
1 0.6550925925925926 0.3606770833333333 0.19722222222222222 0.0921875
1 0.7972222222222223 0.6065104166666667 0.12407407407407407 0.07760416666666667
1 0.961574074074074 0.7505208333333333 0.07685185185185185 0.06979166666666667
1 0.45046296296296295 0.7020833333333333 0.12685185185185185 0.065625
1 0.8046296296296296 0.96953125 0.1814814814814815 0.0609375
1 0.12777777777777777 0.7768229166666667 0.06111111111111111 0.05677083333333333
1 0.350462962962963 0.46796875 0.12129629629629629 0.05572916666666667
1 0.4962962962962963 0.3734375 0.09444444444444444 0.04895833333333333
1 0.5462962962962963 0.7171875 0.07962962962962963 0.04479166666666667
1 0.22777777777777777 0.020572916666666666 0.19814814814814816 0.04114583333333333
1 0.11805555555555555 0.496875 0.07314814814814814 0.040625
1 0.8837962962962963 0.83671875 0.075 0.0390625
1 0.033796296296296297 0.40078125 0.04351851851851852 0.034895833333333334
1 0.9833333333333333 0.6450520833333333 0.03333333333333333 0.030729166666666665
1 0.7032407407407407 0.46432291666666664 0.08981481481481482 0.030729166666666665
1 0.7976851851851852 0.36744791666666665 0.05092592592592592 0.0296875
1 0.812037037037037 0.771875 0.05555555555555555 0.028125
1 0.2740740740740741 0.6182291666666667 0.07222222222222222 0.023958333333333335
1 0.31851851851851853 0.9424479166666667 0.10185185185185185 0.059895833333333336