0 0.6770833333333334 0.1015625 0.32421875 0.1259765625
4 0.5641276041666666 0.423095703125 0.3860677083333333 0.11083984375
0 0.0869140625 0.18603515625 0.173828125 0.080078125
0 0.1025390625 0.267333984375 0.205078125 0.07861328125
4 0.2819010416666667 0.592529296875 0.17838541666666666 0.06591796875
0 0.9388020833333334 0.212158203125 0.12109375 0.05908203125
0 0.2561848958333333 0.67724609375 0.10091145833333333 0.0546875
4 0.5126953125 0.687255859375 0.059244791666666664 0.03564453125
0 0.7027994791666666 0.4609375 0.048828125 0.03125
0 0.5182291666666666 0.337158203125 0.06770833333333333 0.02880859375
6 0.0556640625 0.76904296875 0.10481770833333333 0.02734375
0 0.275390625 0.503662109375 0.09505208333333333 0.02587890625
0 0.6429036458333334 0.526123046875 0.038411458333333336 0.02490234375
0 0.3688151041666667 0.448486328125 0.06966145833333333 0.02490234375
0 0.5885416666666666 0.441650390625 0.08203125 0.02392578125
0 0.7405598958333334 0.564697265625 0.031901041666666664 0.02001953125
0 0.6634114583333334 0.54248046875 0.037760416666666664 0.0185546875
0 0.7021484375 0.567626953125 0.030598958333333332 0.01806640625
0 0.6175130208333334 0.5224609375 0.007161458333333333 0.017578125
0 0.6295572916666666 0.568359375 0.0234375 0.01171875
0 0.6376953125 0.548583984375 0.021484375 0.01123046875
0 0.6907552083333334 0.559326171875 0.026041666666666668 0.00927734375
0 0.5888671875 0.568359375 0.021484375 0.0087890625