6 0.4462890625 0.7021484375 0.19856770833333334 0.0908203125
0 0.3395182291666667 0.0966796875 0.07356770833333333 0.0771484375
4 0.3782552083333333 0.22412109375 0.16927083333333334 0.0546875
0 0.2845052083333333 0.210205078125 0.059895833333333336 0.05419921875
4 0.7734375 0.3115234375 0.05859375 0.044921875
0 0.0478515625 0.109130859375 0.095703125 0.04345703125
4 0.24674479166666666 0.152099609375 0.17317708333333334 0.04150390625
0 0.013020833333333334 0.130859375 0.026041666666666668 0.041015625
0 0.09798177083333333 0.144287109375 0.10091145833333333 0.04052734375
4 0.7041015625 0.341552734375 0.07356770833333333 0.04052734375
4 0.5579427083333334 0.344970703125 0.055989583333333336 0.03955078125
6 0.8173828125 0.52001953125 0.115234375 0.0380859375
4 0.5087890625 0.478515625 0.19205729166666666 0.03515625
0 0.1474609375 0.2001953125 0.091796875 0.03515625
0 0.6438802083333334 0.190185546875 0.09895833333333333 0.03173828125
0 0.5084635416666666 0.21142578125 0.0859375 0.029296875
0 0.3352864583333333 0.2119140625 0.06640625 0.02734375
0 0.24609375 0.185302734375 0.08723958333333333 0.02685546875
0 0.5654296875 0.261962890625 0.07877604166666667 0.02685546875
4 0.3385416666666667 0.42822265625 0.1015625 0.025390625
0 0.6884765625 0.24462890625 0.08528645833333333 0.025390625
0 0.7288411458333334 0.195556640625 0.08658854166666667 0.02490234375
0 0.7763671875 0.216064453125 0.09700520833333333 0.02490234375
0 0.521484375 0.2412109375 0.07942708333333333 0.0244140625
0 0.3740234375 0.188232421875 0.068359375 0.02294921875
0 0.59765625 0.238037109375 0.05859375 0.02197265625
0 0.8372395833333334 0.209228515625 0.0703125 0.02197265625
0 0.6100260416666666 0.22900390625 0.059895833333333336 0.021484375
0 0.7718098958333334 0.236083984375 0.08138020833333333 0.02099609375
0 0.6402994791666666 0.2138671875 0.068359375 0.0205078125
0 0.8740234375 0.34814453125 0.033203125 0.0166015625
0 0.8365885416666666 0.3427734375 0.01171875 0.01171875
0 0.9147135416666666 0.34814453125 0.010416666666666666 0.0107421875