1 0.7518518518518519 0.95859375 0.17222222222222222 0.0828125
1 0.6990740740740741 0.8912760416666666 0.20555555555555555 0.07317708333333334
1 0.9180555555555555 0.8501302083333333 0.1638888888888889 0.06171875
1 0.8182870370370371 0.7979166666666667 0.19027777777777777 0.11666666666666667
1 0.6659722222222222 0.8450520833333334 0.27824074074074073 0.1140625
1 0.45902777777777776 0.8170572916666666 0.30694444444444446 0.12786458333333334
1 0.22013888888888888 0.878125 0.19027777777777777 0.08333333333333333
1 0.06620370370370371 0.8817708333333333 0.13240740740740742 0.11979166666666667
1 0.47962962962962963 0.74921875 0.21666666666666667 0.11302083333333333
1 0.6370370370370371 0.754296875 0.14629629629629629 0.07526041666666666
1 0.8944444444444445 0.614453125 0.2111111111111111 0.07265625
1 0.9393518518518519 0.5430989583333333 0.12129629629629629 0.07265625
1 0.8032407407407407 0.446484375 0.22314814814814815 0.10234375
1 0.6018518518518519 0.5884114583333333 0.22592592592592592 0.12786458333333334
1 0.49675925925925923 0.6575520833333334 0.22685185185185186 0.11302083333333333
1 0.3199074074074074 0.729296875 0.11574074074074074 0.07317708333333334
1 0.6680555555555555 0.6958333333333333 0.10648148148148148 0.06666666666666667
1 0.15925925925925927 0.6576822916666667 0.14629629629629629 0.08307291666666666
1 0.10740740740740741 0.7200520833333334 0.20555555555555555 0.0984375
1 0.18078703703703702 0.75859375 0.17083333333333334 0.0703125
1 0.05949074074074074 0.6279947916666667 0.10601851851851851 0.08411458333333334
1 0.35717592592592595 0.5901041666666667 0.20324074074074075 0.08229166666666667
1 0.5416666666666666 0.5192708333333333 0.17962962962962964 0.07604166666666666
1 0.9125 0.3204427083333333 0.175 0.13567708333333334
1 0.8673611111111111 0.3868489583333333 0.22546296296296298 0.10078125
1 0.9356481481481481 0.21536458333333333 0.1287037037037037 0.1109375
1 0.6370370370370371 0.34674479166666666 0.2074074074074074 0.08307291666666666
1 0.594212962962963 0.27239583333333334 0.2125 0.14791666666666667
1 0.3085648148148148 0.37330729166666665 0.2763888888888889 0.13307291666666668
1 0.2050925925925926 0.49140625 0.23425925925925925 0.1234375
1 0.37916666666666665 0.2799479166666667 0.18611111111111112 0.10677083333333333
1 0.42824074074074076 0.206640625 0.18055555555555555 0.07994791666666666
1 0.4361111111111111 0.10872395833333333 0.2351851851851852 0.11640625
1 0.2099537037037037 0.291015625 0.2125 0.12786458333333334
1 0.10601851851851851 0.327734375 0.20833333333333334 0.13046875
1 0.10625 0.14986979166666667 0.18472222222222223 0.14348958333333334
1 0.14629629629629629 0.0984375 0.2037037037037037 0.128125
1 0.5041666666666667 0.1 0.12314814814814815 0.07395833333333333
1 0.3402777777777778 0.6630208333333333 0.14351851851851852 0.065625
1 0.8287037037037037 0.68125 0.24259259259259258 0.07395833333333333
1 0.5351851851851852 0.18671875 0.2833333333333333 0.14114583333333333
1 0.9893518518518518 0.8028645833333333 0.021296296296296296 0.0359375
1 0.6819444444444445 0.9825520833333333 0.15833333333333333 0.034895833333333334
1 0.48842592592592593 0.44609375 0.1398148148148148 0.0609375
1 0.32685185185185184 0.44375 0.18703703703703703 0.08229166666666667