4 0.345703125 0.575439453125 0.1875 0.13134765625
4 0.5146484375 0.531005859375 0.19986979166666666 0.08056640625
0 0.19889322916666666 0.200927734375 0.19205729166666666 0.07861328125
0 0.9443359375 0.215576171875 0.111328125 0.07666015625
0 0.3636067708333333 0.226806640625 0.169921875 0.06787109375
0 0.09765625 0.33935546875 0.1953125 0.06640625
0 0.061197916666666664 0.284912109375 0.12239583333333333 0.05712890625
0 0.5100911458333334 0.3203125 0.17643229166666666 0.0546875
0 0.6702473958333334 0.305419921875 0.162109375 0.05419921875
0 0.2750651041666667 0.311279296875 0.17513020833333334 0.05224609375
0 0.8170572916666666 0.290771484375 0.12890625 0.05029296875
0 0.9602864583333334 0.2705078125 0.078125 0.04296875
4 0.8095703125 0.397216796875 0.23893229166666666 0.04150390625
0 0.8587239583333334 0.308837890625 0.11848958333333333 0.03857421875
0 0.7467447916666666 0.22802734375 0.11848958333333333 0.037109375
0 0.3225911458333333 0.27099609375 0.158203125 0.033203125
0 0.6839192708333334 0.76025390625 0.16341145833333334 0.0849609375