0 0.8327132936507936 0.7447089947089947 0.017609126984126984 0.05555555555555555
0 0.5347222222222222 0.42146164021164023 0.015376984126984126 0.04728835978835979
0 0.5772569444444444 0.7898478835978836 0.03050595238095238 0.04265873015873016
0 0.8349454365079365 0.8773148148148148 0.012648809523809524 0.042328042328042326
0 0.6715029761904762 0.2926587301587302 0.023561507936507936 0.042328042328042326
0 0.6318204365079365 0.8035714285714286 0.018601190476190476 0.041666666666666664
0 0.6077628968253969 0.296957671957672 0.025049603174603176 0.041666666666666664
0 0.6108630952380952 0.8525132275132276 0.01636904761904762 0.03902116402116402
0 0.6062748015873016 0.4087301587301587 0.019593253968253968 0.037698412698412696
0 0.5740327380952381 0.2953042328042328 0.033482142857142856 0.036375661375661374
0 0.2673611111111111 0.3341600529100529 0.05257936507936508 0.036044973544973546
0 0.7545882936507936 0.8736772486772487 0.03149801587301587 0.03306878306878307
0 0.5228174603174603 0.3774801587301587 0.020833333333333332 0.03273809523809524
0 0.7668650793650794 0.81630291005291 0.0496031746031746 0.03273809523809524
0 0.35652281746031744 0.32275132275132273 0.015625 0.031084656084656083
0 0.5677083333333334 0.3587962962962963 0.016865079365079364 0.031084656084656083
0 0.8781001984126984 0.5972222222222222 0.03298611111111111 0.031084656084656083
0 0.46403769841269843 0.22900132275132276 0.025297619047619048 0.030753968253968252
0 0.8678075396825397 0.7414021164021164 0.041666666666666664 0.027777777777777776
0 0.8444940476190477 0.9077380952380952 0.016865079365079364 0.025793650793650792
4 0.5417906746031746 0.1380621693121693 0.0662202380952381 0.02546296296296296
0 0.7677331349206349 0.798776455026455 0.021577380952380952 0.022817460317460316
0 0.8157242063492064 0.5090939153439153 0.022817460317460316 0.021494708994708994
0 0.03211805555555555 0.36607142857142855 0.018601190476190476 0.021164021164021163
0 0.06808035714285714 0.38673941798941797 0.015625 0.02017195767195767
0 0.4931795634920635 0.4254298941798942 0.03050595238095238 0.02017195767195767
0 0.5611359126984127 0.445271164021164 0.00818452380952381 0.02017195767195767
0 0.0339781746031746 0.4575066137566138 0.03670634920634921 0.01951058201058201
0 0.7655009920634921 0.5140542328042328 0.017609126984126984 0.01951058201058201
0 0.8147321428571429 0.9011243386243386 0.025793650793650792 0.018518518518518517
0 0.46143353174603174 0.4679232804232804 0.028521825396825396 0.018518518518518517
0 0.5204613095238095 0.40906084656084657 0.021081349206349208 0.018518518518518517
0 0.6692708333333334 0.5 0.018601190476190476 0.018518518518518517
0 0.8501984126984127 0.519510582010582 0.024305555555555556 0.018518518518518517
0 0.5461309523809523 0.5081018518518519 0.020833333333333332 0.018187830687830687
0 0.032614087301587304 0.478505291005291 0.034970238095238096 0.017857142857142856
0 0.6728670634920635 0.404265873015873 0.012896825396825396 0.017526455026455025
0 0.3627232142857143 0.2261904761904762 0.040426587301587304 0.017195767195767195
0 0.4654017857142857 0.4426256613756614 0.015625 0.016203703703703703
0 0.31287202380952384 0.1962632275132275 0.014632936507936508 0.015542328042328041
0 0.40066964285714285 0.19775132275132276 0.012648809523809524 0.01521164021164021
0 0.7001488095238095 0.5191798941798942 0.01488095238095238 0.013888888888888888
0 0.31039186507936506 0.33912037037037035 0.017609126984126984 0.013558201058201057
0 0.4260912698412698 0.27728174603174605 0.01636904761904762 0.011574074074074073
0 0.34151785714285715 0.24322089947089948 0.00992063492063492 0.01025132275132275