2 0.5234375 0.535400390625 0.109375 0.09716796875
2 0.646484375 0.45947265625 0.057291666666666664 0.078125
2 0.8196614583333334 0.461181640625 0.07291666666666667 0.07275390625
2 0.578125 0.462646484375 0.037760416666666664 0.06787109375
2 0.3860677083333333 0.429931640625 0.03515625 0.05615234375
2 0.26171875 0.437255859375 0.044270833333333336 0.05224609375
2 0.0556640625 0.43505859375 0.031901041666666664 0.0517578125
2 0.4186197916666667 0.427978515625 0.036458333333333336 0.04443359375
2 0.2893880208333333 0.403076171875 0.037109375 0.04443359375
2 0.09407552083333333 0.42578125 0.035807291666666664 0.04296875
2 0.8444010416666666 0.43115234375 0.037760416666666664 0.0419921875
2 0.8688151041666666 0.4384765625 0.018880208333333332 0.0380859375
2 0.2353515625 0.426513671875 0.027994791666666668 0.03662109375
2 0.3287760416666667 0.4287109375 0.03125 0.033203125
2 0.13541666666666666 0.42529296875 0.01953125 0.0322265625
2 0.6904296875 0.427734375 0.024088541666666668 0.0263671875
2 0.5618489583333334 0.4228515625 0.037760416666666664 0.037109375