0 0.2835286458333333 0.1025390625 0.09440104166666667 0.2001953125
4 0.6448567708333334 0.524658203125 0.24544270833333334 0.13623046875
0 0.447265625 0.2060546875 0.15885416666666666 0.134765625
0 0.15592447916666666 0.296875 0.07486979166666667 0.07421875
4 0.2805989583333333 0.60400390625 0.1171875 0.0703125
0 0.23795572916666666 0.390869140625 0.134765625 0.06591796875
4 0.06803385416666667 0.687744140625 0.12174479166666667 0.06494140625
0 0.039713541666666664 0.3935546875 0.055989583333333336 0.064453125
0 0.3232421875 0.355224609375 0.16080729166666666 0.05517578125
0 0.046875 0.32421875 0.09375 0.052734375
0 0.08821614583333333 0.43603515625 0.055338541666666664 0.048828125
0 0.09114583333333333 0.367431640625 0.07552083333333333 0.04150390625
0 0.2255859375 0.279541015625 0.06575520833333333 0.03369140625
0 0.19401041666666666 0.308349609375 0.06901041666666667 0.03271484375
0 0.14778645833333334 0.080810546875 0.1171875 0.16162109375