2 0.22916666666666666 0.8125 0.328125 0.1494140625
2 0.673828125 0.494873046875 0.15755208333333334 0.11767578125
2 0.4899088541666667 0.2900390625 0.115234375 0.107421875
2 0.8001302083333334 0.218505859375 0.06640625 0.06298828125
2 0.646484375 0.22314453125 0.061197916666666664 0.05078125
2 0.8717447916666666 0.218994140625 0.0390625 0.04833984375
2 0.9736328125 0.210693359375 0.052734375 0.04833984375
2 0.4375 0.37744140625 0.17708333333333334 0.04296875
2 0.9046223958333334 0.224609375 0.043619791666666664 0.0322265625
2 0.7571614583333334 0.2197265625 0.028645833333333332 0.029296875
2 0.7141927083333334 0.225341796875 0.052083333333333336 0.02783203125