0 0.5625 0.16038359788359788 0.10168650793650794 0.19642857142857142
0 0.1619543650793651 0.17278439153439154 0.03373015873015873 0.09226190476190477
0 0.30505952380952384 0.053736772486772486 0.036210317460317464 0.08234126984126984
0 0.3695436507936508 0.2349537037037037 0.05654761904761905 0.07308201058201058
0 0.5349702380952381 0.6352513227513228 0.04563492063492063 0.06481481481481481
0 0.5482390873015873 0.036044973544973546 0.06870039682539683 0.06283068783068783
0 0.32490079365079366 0.5993716931216931 0.059027777777777776 0.060515873015873016
0 0.42745535714285715 0.2779431216931217 0.02554563492063492 0.05588624338624339
0 0.27380952380952384 0.05588624338624339 0.027777777777777776 0.05291005291005291
0 0.24417162698412698 0.27843915343915343 0.023065476190476192 0.04563492063492063
0 0.24107142857142858 0.05324074074074074 0.027281746031746032 0.04431216931216931
0 0.21490575396825398 0.021164021164021163 0.03546626984126984 0.042328042328042326
0 0.47619047619047616 0.3082010582010582 0.0248015873015873 0.042328042328042326
0 0.4290674603174603 0.40790343915343913 0.05654761904761905 0.0419973544973545
0 0.29030257936507936 0.23859126984126985 0.02703373015873016 0.040674603174603176
0 0.17745535714285715 0.27728174603174605 0.024553571428571428 0.03869047619047619
0 0.3410218253968254 0.5375330687830688 0.031746031746031744 0.035383597883597885
0 0.302703373015873 0.687665343915344 0.04141865079365079 0.03935185185185185