0 0.43353174603174605 0.2595899470899471 0.10813492063492064 0.18783068783068782
0 0.7309027777777778 0.3220899470899471 0.17162698412698413 0.17394179894179895
0 0.4572172619047619 0.8963293650793651 0.10788690476190477 0.17096560846560846
0 0.04092261904761905 0.15459656084656084 0.07043650793650794 0.15773809523809523
0 0.4097222222222222 0.45618386243386244 0.07142857142857142 0.13723544973544974
0 0.6634424603174603 0.9057539682539683 0.1001984126984127 0.10449735449735449
0 0.35726686507936506 0.8728505291005291 0.16145833333333334 0.10218253968253968
0 0.13566468253968253 0.9482473544973545 0.08283730158730158 0.10218253968253968
0 0.18911210317460317 0.9303902116402116 0.06324404761904762 0.10218253968253968
0 0.05505952380952381 0.716931216931217 0.042162698412698416 0.09325396825396826
0 0.3263888888888889 0.42394179894179895 0.04662698412698413 0.08267195767195767
0 0.06770833333333333 0.3993055555555556 0.04712301587301587 0.06448412698412699
0 0.06746031746031746 0.028273809523809524 0.0496031746031746 0.05654761904761905