2 0.21061197916666666 0.3193359375 0.099609375 0.109375
2 0.1728515625 0.322021484375 0.042317708333333336 0.09130859375
2 0.7825520833333334 0.3828125 0.0625 0.0791015625
2 0.9052734375 0.38525390625 0.061848958333333336 0.0693359375
2 0.9723307291666666 0.3896484375 0.055338541666666664 0.0556640625
2 0.6126302083333334 0.3876953125 0.033854166666666664 0.0546875
2 0.3961588541666667 0.533447265625 0.208984375 0.05029296875
2 0.6389973958333334 0.378173828125 0.052734375 0.05029296875
2 0.5865885416666666 0.386962890625 0.032552083333333336 0.04931640625
2 0.4228515625 0.354248046875 0.064453125 0.04736328125
2 0.3382161458333333 0.34765625 0.046223958333333336 0.0439453125
2 0.453125 0.3603515625 0.041666666666666664 0.0390625
2 0.3876953125 0.363037109375 0.043619791666666664 0.03662109375