6 0.2985026041666667 0.59716796875 0.177734375 0.0732421875
0 0.10546875 0.097412109375 0.08984375 0.06103515625
0 0.17708333333333334 0.140869140625 0.08333333333333333 0.05712890625
0 0.2747395833333333 0.1650390625 0.07421875 0.0546875
0 0.130859375 0.046630859375 0.12630208333333334 0.05419921875
0 0.051432291666666664 0.164306640625 0.10286458333333333 0.05419921875
0 0.029296875 0.07958984375 0.05859375 0.0517578125
6 0.7975260416666666 0.512939453125 0.1640625 0.04931640625
0 0.4352213541666667 0.220458984375 0.09440104166666667 0.04736328125
0 0.2353515625 0.084716796875 0.087890625 0.04736328125
4 0.07454427083333333 0.22802734375 0.14908854166666666 0.0478515625
0 0.8248697916666666 0.168212890625 0.10026041666666667 0.04443359375
0 0.3268229166666667 0.130126953125 0.0546875 0.04345703125
0 0.2643229166666667 0.11669921875 0.06901041666666667 0.0390625
0 0.6373697916666666 0.32373046875 0.08984375 0.0390625
0 0.5107421875 0.165283203125 0.07877604166666667 0.03857421875
0 0.3548177083333333 0.181640625 0.055989583333333336 0.0361328125
0 0.7535807291666666 0.26513671875 0.083984375 0.0341796875
0 0.7265625 0.1875 0.05859375 0.0341796875
0 0.5393880208333334 0.24365234375 0.076171875 0.033203125
0 0.6604817708333334 0.193115234375 0.06575520833333333 0.03173828125
0 0.431640625 0.16650390625 0.053385416666666664 0.0302734375
0 0.10709635416666667 0.0146484375 0.11653645833333333 0.029296875
0 0.8079427083333334 0.241455078125 0.05859375 0.02880859375
0 0.8597005208333334 0.21728515625 0.06705729166666667 0.0283203125
0 0.5169270833333334 0.211669921875 0.06510416666666667 0.02587890625
0 0.4108072916666667 0.137939453125 0.061197916666666664 0.02490234375
0 0.6402994791666666 0.161376953125 0.07747395833333333 0.02294921875
0 0.8525390625 0.28369140625 0.056640625 0.021484375