1 0.8177083333333334 0.658447265625 0.20052083333333334 0.11083984375
1 0.5777994791666666 0.5966796875 0.2701822916666667 0.1015625
1 0.17805989583333334 0.749267578125 0.10872395833333333 0.08056640625
1 0.3971354166666667 0.640625 0.18880208333333334 0.0791015625
1 0.3430989583333333 0.826416015625 0.12630208333333334 0.07275390625
1 0.3401692708333333 0.6064453125 0.232421875 0.0673828125
1 0.2906901041666667 0.732666015625 0.10872395833333333 0.06005859375
1 0.71875 0.477783203125 0.15234375 0.05126953125
1 0.9563802083333334 0.5322265625 0.07421875 0.041015625
1 0.8639322916666666 0.340576171875 0.08854166666666667 0.03564453125
1 0.0537109375 0.656494140625 0.107421875 0.03271484375
1 0.9498697916666666 0.692626953125 0.08463541666666667 0.02880859375
1 0.17122395833333334 0.67529296875 0.16276041666666666 0.0478515625