0 0.8115234375 0.134521484375 0.23502604166666666 0.13623046875
0 0.6591796875 0.265625 0.08919270833333333 0.0986328125
0 0.7568359375 0.796630859375 0.3092447916666667 0.09228515625
0 0.4150390625 0.211181640625 0.080078125 0.08740234375
0 0.7294921875 0.290283203125 0.08528645833333333 0.08642578125
0 0.7229817708333334 0.2333984375 0.09700520833333333 0.080078125
4 0.7106119791666666 0.5986328125 0.2701822916666667 0.068359375
4 0.2981770833333333 0.509521484375 0.061197916666666664 0.06298828125
0 0.4860026041666667 0.31689453125 0.064453125 0.0625
0 0.5498046875 0.294921875 0.041015625 0.05859375
0 0.4899088541666667 0.255126953125 0.059244791666666664 0.05615234375
0 0.373046875 0.299072265625 0.049479166666666664 0.05517578125
4 0.2727864583333333 0.426513671875 0.15494791666666666 0.05517578125
4 0.4752604166666667 0.578125 0.17578125 0.0546875
4 0.5651041666666666 0.475341796875 0.09765625 0.05029296875
0 0.431640625 0.291015625 0.040364583333333336 0.0498046875
0 0.5179036458333334 0.306884765625 0.047526041666666664 0.04931640625
0 0.6510416666666666 0.373779296875 0.0859375 0.04736328125
0 0.6175130208333334 0.344970703125 0.050130208333333336 0.03955078125
0 0.7190755208333334 0.34619140625 0.07356770833333333 0.0361328125
0 0.8076171875 0.3818359375 0.08138020833333333 0.033203125
6 0.8678385416666666 0.73095703125 0.09765625 0.03125
0 0.9755859375 0.4111328125 0.048828125 0.029296875
0 0.5859375 0.296630859375 0.044270833333333336 0.02783203125
0 0.73046875 0.369384765625 0.057291666666666664 0.02392578125
0 0.529296875 0.121826171875 0.08203125 0.15771484375