0 0.1409970238095238 0.7643849206349206 0.09598214285714286 0.15641534391534392
0 0.6829117063492064 0.27645502645502645 0.06125992063492063 0.051587301587301584
0 0.5825892857142857 0.2923280423280423 0.0496031746031746 0.041005291005291
0 0.7472718253968254 0.1402116402116402 0.08234126984126984 0.03835978835978836
0 0.736359126984127 0.1996527777777778 0.07093253968253968 0.036210317460317464
0 0.7529761904761905 0.2294973544973545 0.05257936507936508 0.037037037037037035
0 0.6603422619047619 0.15393518518518517 0.038938492063492064 0.027447089947089946
0 0.8208085317460317 0.11987433862433862 0.03298611111111111 0.026785714285714284
0 0.3998635912698413 0.21155753968253968 0.05022321428571429 0.03422619047619048
0 0.4007936507936508 0.13690476190476192 0.05257936507936508 0.03042328042328042
0 0.2954489087301587 0.3177083333333333 0.059647817460317464 0.03819444444444445
0 0.33835565476190477 0.3562334656084656 0.06063988095238095 0.04513888888888889
0 0.2571924603174603 0.29464285714285715 0.029265873015873016 0.037037037037037035
0 0.09672619047619048 0.2857142857142857 0.030257936507936508 0.051587301587301584
0 0.041914682539682536 0.3287037037037037 0.05505952380952381 0.03835978835978836
0 0.05890376984126984 0.40219907407407407 0.1039186507936508 0.0861441798941799
0 0.15767609126984128 0.4773478835978836 0.02914186507936508 0.023478835978835978
0 0.9146205357142857 0.25595238095238093 0.05592757936507937 0.03505291005291005
0 0.8358134920634921 0.7061838624338624 0.0818452380952381 0.09292328042328042
0 0.792906746031746 0.5849867724867724 0.07886904761904762 0.10383597883597884
0 0.824156746031746 0.5376984126984127 0.05257936507936508 0.06349206349206349
0 0.6893601190476191 0.8057208994708994 0.06374007936507936 0.08763227513227513
0 0.7230902777777778 0.7270171957671958 0.0726686507936508 0.08101851851851852
0 0.7368551587301587 0.6583994708994709 0.06349206349206349 0.07539682539682539
0 0.7115575396825397 0.5983796296296297 0.06547619047619048 0.103505291005291
0 0.5853174603174603 0.7870370370370371 0.11805555555555555 0.14153439153439154
0 0.511656746031746 0.7109788359788359 0.10615079365079365 0.1078042328042328
0 0.44047619047619047 0.7574404761904762 0.10317460317460317 0.12268518518518519
0 0.3617311507936508 0.7903439153439153 0.12524801587301587 0.13756613756613756
0 0.2839781746031746 0.6779100529100529 0.1111111111111111 0.11441798941798942
0 0.36731150793650796 0.673776455026455 0.10615079365079365 0.12797619047619047
0 0.4399801587301587 0.6590608465608465 0.08978174603174603 0.11177248677248677
0 0.4878472222222222 0.5714285714285714 0.10912698412698413 0.12235449735449735
0 0.630828373015873 0.6279761904761905 0.06969246031746032 0.10383597883597884
0 0.6142113095238095 0.7046957671957672 0.09499007936507936 0.11441798941798942
0 0.5884176587301587 0.6078042328042328 0.07762896825396826 0.10119047619047619
0 0.6192956349206349 0.5081018518518519 0.1130952380952381 0.1173941798941799
0 0.6848958333333334 0.5034722222222222 0.07465277777777778 0.08366402116402116
0 0.3723958333333333 0.5201719576719577 0.10193452380952381 0.10383597883597884
0 0.38591269841269843 0.5963955026455027 0.08680555555555555 0.08895502645502645
0 0.29811507936507936 0.5896164021164021 0.12301587301587301 0.12962962962962962
0 0.23722718253968253 0.41798941798941797 0.1396329365079365 0.056216931216931214
0 0.9148065476190477 0.3275462962962963 0.0642361111111111 0.06183862433862434
6 0.5109126984126984 0.37706679894179895 0.2847222222222222 0.11921296296296297