0 0.8435019841269841 0.2347883597883598 0.027281746031746032 0.07539682539682539
0 0.3185763888888889 0.8015873015873016 0.07911706349206349 0.07407407407407407
0 0.3178323412698413 0.2628968253968254 0.057787698412698416 0.07275132275132275
0 0.053943452380952384 0.5676256613756614 0.02554563492063492 0.05853174603174603
0 0.3506944444444444 0.36706349206349204 0.05109126984126984 0.05026455026455026
0 0.5220734126984127 0.30257936507936506 0.023313492063492064 0.046296296296296294
0 0.7185019841269841 0.33647486772486773 0.011904761904761904 0.045965608465608467
0 0.2857142857142857 0.18601190476190477 0.01636904761904762 0.04398148148148148
0 0.7621527777777778 0.21461640211640212 0.018353174603174604 0.04365079365079365
0 0.681671626984127 0.13855820105820105 0.018601190476190476 0.03902116402116402
0 0.6403769841269841 0.017361111111111112 0.025793650793650792 0.034722222222222224
0 0.7765376984126984 0.28058862433862436 0.028769841269841268 0.030753968253968252
0 0.46143353174603174 0.17509920634920634 0.046875 0.02414021164021164
0 0.7816220238095238 0.4935515873015873 0.04141865079365079 0.023478835978835978
0 0.4853670634920635 0.2576058201058201 0.04365079365079365 0.021825396825396824
0 0.7253224206349206 0.41121031746031744 0.03844246031746032 0.021494708994708994
0 0.10243055555555555 0.19113756613756613 0.027281746031746032 0.021164021164021163
0 0.08395337301587301 0.15360449735449735 0.016617063492063492 0.010912698412698412
6 0.3872767857142857 0.6187169312169312 0.3107638888888889 0.4583333333333333