1 0.8762400793650794 0.4409722222222222 0.15674603174603174 0.19874338624338625
1 0.6915922619047619 0.5185185185185185 0.1708829365079365 0.1984126984126984
1 0.6829117063492064 0.3330026455026455 0.18377976190476192 0.18518518518518517
1 0.5558035714285714 0.27314814814814814 0.1185515873015873 0.17195767195767195
1 0.23921130952380953 0.24206349206349206 0.16245039682539683 0.17063492063492064
1 0.44208829365079366 0.2273478835978836 0.11929563492063493 0.16765873015873015
1 0.2993551587301587 0.21957671957671956 0.1185515873015873 0.164021164021164
1 0.3790922619047619 0.35267857142857145 0.16245039682539683 0.16302910052910052
1 0.09362599206349206 0.4469246031746032 0.11731150793650794 0.1583994708994709
1 0.36706349206349204 0.4751984126984127 0.10664682539682539 0.14947089947089948
1 0.2916666666666667 0.4894179894179894 0.07490079365079365 0.14153439153439154
1 0.871031746031746 0.29034391534391535 0.13343253968253968 0.1388888888888889
1 0.04836309523809524 0.30224867724867727 0.08680555555555555 0.13756613756613756
1 0.25558035714285715 0.5124007936507936 0.10491071428571429 0.12863756613756613
1 0.20399305555555555 0.3645833333333333 0.10342261904761904 0.12863756613756613
1 0.16009424603174602 0.45618386243386244 0.11979166666666667 0.12202380952380952
1 0.7683531746031746 0.27628968253968256 0.13194444444444445 0.11871693121693122
1 0.5865575396825397 0.419973544973545 0.0763888888888889 0.11838624338624339
1 0.9616815476190477 0.367228835978836 0.07663690476190477 0.11474867724867725
1 0.5079365079365079 0.40575396825396826 0.07787698412698413 0.1111111111111111
1 0.9753224206349206 0.47255291005291006 0.04935515873015873 0.10978835978835978
1 0.48387896825396826 0.3101851851851852 0.08630952380952381 0.1078042328042328
1 0.07589285714285714 0.3687169312169312 0.10466269841269842 0.1078042328042328
1 0.42299107142857145 0.5505952380952381 0.08308531746031746 0.10582010582010581
1 0.12686011904761904 0.5545634920634921 0.10441468253968254 0.10582010582010581
1 0.055431547619047616 0.5337301587301587 0.08060515873015874 0.10582010582010581
1 0.5177331349206349 0.4990079365079365 0.06870039682539683 0.08597883597883597
1 0.6181795634920635 0.5772156084656085 0.14558531746031747 0.08300264550264551
1 0.9243551587301587 0.5828373015873016 0.08482142857142858 0.07903439153439154
1 0.7726934523809523 0.20386904761904762 0.078125 0.07043650793650794
1 0.08060515873015874 0.18121693121693122 0.07936507936507936 0.09325396825396826