0 0.6002604166666666 0.25927734375 0.4388020833333333 0.2216796875
4 0.3001302083333333 0.07763671875 0.6002604166666666 0.1552734375
0 0.447265625 0.36767578125 0.08984375 0.0859375
0 0.2513020833333333 0.838623046875 0.1796875 0.06982421875
4 0.5602213541666666 0.69970703125 0.17122395833333334 0.0625
4 0.4716796875 0.651123046875 0.12955729166666666 0.06103515625
0 0.3212890625 0.428955078125 0.13346354166666666 0.05322265625
0 0.3177083333333333 0.46826171875 0.0625 0.0517578125
0 0.34375 0.385986328125 0.109375 0.04931640625
0 0.4078776041666667 0.478759765625 0.091796875 0.04833984375
0 0.0390625 0.446044921875 0.078125 0.04443359375
0 0.03515625 0.54345703125 0.0703125 0.0439453125
0 0.0498046875 0.62109375 0.099609375 0.0439453125
0 0.2275390625 0.419677734375 0.10091145833333333 0.04345703125
0 0.11588541666666667 0.449951171875 0.11588541666666667 0.04248046875
0 0.169921875 0.515869140625 0.09505208333333333 0.04248046875
0 0.21126302083333334 0.455322265625 0.09049479166666667 0.03955078125
0 0.4674479166666667 0.432373046875 0.11067708333333333 0.03564453125
0 0.3206380208333333 0.496337890625 0.07486979166666667 0.03369140625