2 0.6227213541666666 0.455078125 0.337890625 0.134765625
2 0.034505208333333336 0.2353515625 0.06901041666666667 0.1259765625
2 0.1171875 0.1328125 0.09765625 0.091796875
2 0.8209635416666666 0.171142578125 0.07421875 0.08642578125
2 0.5123697916666666 0.13330078125 0.053385416666666664 0.0693359375
2 0.026041666666666668 0.136962890625 0.048177083333333336 0.06884765625
2 0.212890625 0.135986328125 0.049479166666666664 0.05712890625
2 0.4547526041666667 0.143310546875 0.044921875 0.05712890625
2 0.8714192708333334 0.154541015625 0.060546875 0.05615234375
2 0.3414713541666667 0.097900390625 0.025390625 0.04638671875
2 0.3704427083333333 0.110107421875 0.033854166666666664 0.04443359375
2 0.46484375 0.0703125 0.0390625 0.0390625
2 0.3037109375 0.150146484375 0.06575520833333333 0.03466796875
2 0.6315104166666666 0.14111328125 0.029947916666666668 0.021484375