0 0.8567708333333334 0.114501953125 0.22786458333333334 0.22705078125
0 0.2900390625 0.076416015625 0.2766927083333333 0.15283203125
0 0.4798177083333333 0.064208984375 0.09895833333333333 0.12841796875
4 0.6305338541666666 0.526123046875 0.15299479166666666 0.11572265625
0 0.4427083333333333 0.27880859375 0.08984375 0.1005859375
4 0.14811197916666666 0.52587890625 0.11263020833333333 0.083984375
4 0.5159505208333334 0.65673828125 0.12825520833333334 0.0830078125
0 0.11555989583333333 0.45947265625 0.08528645833333333 0.076171875
0 0.287109375 0.391845703125 0.05859375 0.07470703125
0 0.22786458333333334 0.443603515625 0.08333333333333333 0.06689453125
0 0.6832682291666666 0.365478515625 0.15950520833333334 0.06591796875
0 0.024739583333333332 0.581787109375 0.049479166666666664 0.06591796875
0 0.3382161458333333 0.32080078125 0.12955729166666666 0.0654296875
0 0.3238932291666667 0.44921875 0.059244791666666664 0.0654296875
0 0.22005208333333334 0.384033203125 0.12630208333333334 0.05224609375
0 0.021809895833333332 0.61962890625 0.043619791666666664 0.0498046875
0 0.06868489583333333 0.41748046875 0.13736979166666666 0.0498046875
0 0.546875 0.2783203125 0.09505208333333333 0.048828125
0 0.056315104166666664 0.453857421875 0.11263020833333333 0.04931640625
0 0.5074869791666666 0.312255859375 0.080078125 0.04833984375
0 0.3196614583333333 0.38525390625 0.06380208333333333 0.04296875
0 0.5625 0.370849609375 0.11979166666666667 0.07861328125