6 0.689453125 0.447021484375 0.13020833333333334 0.07763671875
4 0.050455729166666664 0.142578125 0.10091145833333333 0.0625
6 0.2649739583333333 0.553466796875 0.19010416666666666 0.06005859375
0 0.7822265625 0.07421875 0.111328125 0.046875
4 0.3395182291666667 0.250732421875 0.23372395833333334 0.04541015625
0 0.7337239583333334 0.1171875 0.1171875 0.0400390625
0 0.6282552083333334 0.114990234375 0.078125 0.03955078125
4 0.3665364583333333 0.016845703125 0.1484375 0.03369140625
0 0.873046875 0.055908203125 0.1015625 0.03173828125
0 0.8863932291666666 0.012939453125 0.115234375 0.02587890625
0 0.5289713541666666 0.01123046875 0.08138020833333333 0.0224609375
0 0.6044921875 0.01025390625 0.072265625 0.0205078125
0 0.6744791666666666 0.008056640625 0.06510416666666667 0.01611328125