0 0.3235677083333333 0.0888671875 0.13932291666666666 0.177734375
0 0.19921875 0.080810546875 0.08984375 0.16162109375
0 0.5436197916666666 0.18408203125 0.1640625 0.15234375
4 0.5960286458333334 0.533447265625 0.14778645833333334 0.14794921875
0 0.21256510416666666 0.29345703125 0.06966145833333333 0.0810546875
4 0.3313802083333333 0.6181640625 0.11197916666666667 0.0751953125
0 0.3173828125 0.38916015625 0.10611979166666667 0.0693359375
0 0.078125 0.39453125 0.07421875 0.0673828125
0 0.029296875 0.453369140625 0.05859375 0.05810546875
0 0.1005859375 0.32275390625 0.11393229166666667 0.0556640625
0 0.3984375 0.359130859375 0.16927083333333334 0.05419921875
0 0.123046875 0.443359375 0.07291666666666667 0.0537109375
0 0.0400390625 0.38720703125 0.07747395833333333 0.0478515625
0 0.15787760416666666 0.368408203125 0.09049479166666667 0.04052734375
0 0.2574869791666667 0.31005859375 0.09830729166666667 0.03515625
0 0.2906901041666667 0.2783203125 0.08138020833333333 0.0341796875