4 0.4534505208333333 0.564697265625 0.09440104166666667 0.10205078125
0 0.6344401041666666 0.91357421875 0.24153645833333334 0.091796875
0 0.5895182291666666 0.306640625 0.2571614583333333 0.078125
4 0.7724609375 0.59375 0.16341145833333334 0.0693359375
0 0.9752604166666666 0.64306640625 0.048177083333333336 0.0634765625
4 0.8629557291666666 0.638671875 0.181640625 0.060546875
0 0.73046875 0.75732421875 0.14973958333333334 0.0595703125
4 0.5159505208333334 0.525634765625 0.08138020833333333 0.05419921875
0 0.9290364583333334 0.465576171875 0.053385416666666664 0.05224609375
0 0.9215494791666666 0.52392578125 0.076171875 0.0517578125
0 0.8902994791666666 0.4384765625 0.064453125 0.05078125
0 0.6184895833333334 0.561767578125 0.109375 0.05029296875
0 0.9615885416666666 0.49853515625 0.07552083333333333 0.0458984375
0 0.787109375 0.4609375 0.07291666666666667 0.0458984375
0 0.5305989583333334 0.501953125 0.10416666666666667 0.0419921875
0 0.6399739583333334 0.484375 0.07291666666666667 0.041015625
0 0.3235677083333333 0.53857421875 0.07682291666666667 0.0390625
0 0.4446614583333333 0.48876953125 0.07421875 0.0283203125
0 0.6891276041666666 0.461181640625 0.057942708333333336 0.02490234375