0 0.7903645833333334 0.050048828125 0.19661458333333334 0.10009765625
0 0.5065104166666666 0.66748046875 0.22265625 0.0908203125
0 0.9384765625 0.057861328125 0.123046875 0.09033203125
0 0.11197916666666667 0.10546875 0.19401041666666666 0.08984375
0 0.07063802083333333 0.7822265625 0.14127604166666666 0.087890625
0 0.8626302083333334 0.199462890625 0.2734375 0.08544921875
0 0.919921875 0.9521484375 0.15885416666666666 0.0849609375
0 0.6181640625 0.95849609375 0.185546875 0.08203125
0 0.7506510416666666 0.892822265625 0.16276041666666666 0.07958984375
0 0.5426432291666666 0.09521484375 0.2936197916666667 0.076171875
0 0.3020833333333333 0.59716796875 0.18098958333333334 0.076171875
0 0.9108072916666666 0.786376953125 0.17708333333333334 0.07568359375
0 0.7174479166666666 0.40966796875 0.2526041666666667 0.0751953125
0 0.41015625 0.57958984375 0.2565104166666667 0.0751953125
0 0.18912760416666666 0.205322265625 0.24674479166666666 0.07470703125
0 0.7568359375 0.30712890625 0.224609375 0.07421875
0 0.9205729166666666 0.600341796875 0.15755208333333334 0.07373046875
0 0.5735677083333334 0.7529296875 0.2265625 0.0732421875
0 0.9309895833333334 0.85595703125 0.13671875 0.0732421875
0 0.6510416666666666 0.66845703125 0.15625 0.0732421875
0 0.04296875 0.871337890625 0.0859375 0.07177734375
0 0.8779296875 0.7001953125 0.21809895833333334 0.0712890625
0 0.3238932291666667 0.94140625 0.173828125 0.0703125
0 0.5211588541666666 0.783447265625 0.20638020833333334 0.06982421875
0 0.4612630208333333 0.387451171875 0.220703125 0.06689453125
0 0.8720703125 0.630615234375 0.21028645833333334 0.06591796875
0 0.671875 0.31494140625 0.14713541666666666 0.064453125
0 0.6266276041666666 0.6064453125 0.181640625 0.064453125
0 0.5113932291666666 0.861083984375 0.16861979166666666 0.06396484375
0 0.7923177083333334 0.4482421875 0.22526041666666666 0.0634765625
0 0.7314453125 0.80908203125 0.177734375 0.0634765625
0 0.623046875 0.031494140625 0.1640625 0.06298828125
0 0.040690104166666664 0.183837890625 0.08138020833333333 0.06298828125
0 0.6370442708333334 0.223388671875 0.22591145833333334 0.06005859375
0 0.06477864583333333 0.365234375 0.12955729166666666 0.060546875
0 0.2776692708333333 0.262939453125 0.19075520833333334 0.05908203125
0 0.17252604166666666 0.385009765625 0.1484375 0.05908203125
0 0.6022135416666666 0.1826171875 0.20052083333333334 0.05859375
0 0.7659505208333334 0.542236328125 0.287109375 0.05810546875
0 0.4156901041666667 0.449462890625 0.169921875 0.05712890625
0 0.37109375 0.820556640625 0.21223958333333334 0.05615234375
0 0.4778645833333333 0.316650390625 0.22526041666666666 0.05615234375
0 0.024739583333333332 0.2685546875 0.049479166666666664 0.0546875
0 0.240234375 0.888671875 0.15625 0.0546875
0 0.1748046875 0.33447265625 0.212890625 0.0537109375
0 0.19108072916666666 0.491455078125 0.2766927083333333 0.05126953125
0 0.9401041666666666 0.44921875 0.11848958333333333 0.05078125
0 0.4853515625 0.96923828125 0.13346354166666666 0.0498046875
0 0.0791015625 0.59716796875 0.158203125 0.0498046875
0 0.2001953125 0.720458984375 0.205078125 0.04931640625
0 0.0390625 0.4375 0.078125 0.0458984375
0 0.7620442708333334 0.49267578125 0.21158854166666666 0.0458984375
0 0.94921875 0.41748046875 0.10026041666666667 0.0439453125
0 0.2623697916666667 0.46484375 0.18489583333333334 0.041015625
0 0.9475911458333334 0.671875 0.10481770833333333 0.0634765625