4 0.14732142857142858 0.7529761904761905 0.03869047619047619 0.22354497354497355
0 0.541046626984127 0.6013558201058201 0.0900297619047619 0.1550925925925926
0 0.7109375 0.6326058201058201 0.050347222222222224 0.09126984126984126
0 0.2408234126984127 0.09275793650793651 0.0248015873015873 0.08498677248677249
0 0.21862599206349206 0.10896164021164022 0.023561507936507936 0.08432539682539683
0 0.3978174603174603 0.11061507936507936 0.028273809523809524 0.07903439153439154
0 0.19853670634920634 0.056051587301587304 0.027529761904761904 0.07506613756613757
0 0.4418402777777778 0.08250661375661375 0.016121031746031748 0.06712962962962964
0 0.38777281746031744 0.9717261904761905 0.02058531746031746 0.05654761904761905
0 0.8768601190476191 0.460978835978836 0.0339781746031746 0.05026455026455026
0 0.8188244047619048 0.6595568783068783 0.021081349206349208 0.049933862433862435
0 0.7106894841269841 0.718915343915344 0.029513888888888888 0.03835978835978836
0 0.05803571428571429 0.2316468253968254 0.013392857142857142 0.03670634920634921
0 0.6200396825396826 0.7622354497354498 0.04861111111111111 0.03306878306878307
0 0.5213293650793651 0.2564484126984127 0.012896825396825396 0.028108465608465607
0 0.3125 0.7372685185185185 0.027777777777777776 0.026785714285714284
0 0.03335813492063492 0.23065476190476192 0.011160714285714286 0.0248015873015873
0 0.15240575396825398 0.28406084656084657 0.016617063492063492 0.01917989417989418
0 0.3678075396825397 0.4781746031746032 0.027777777777777776 0.018518518518518517
0 0.09858630952380952 0.2681878306878307 0.019097222222222224 0.018518518518518517
0 0.7065972222222222 0.7552910052910053 0.041666666666666664 0.01521164021164021
0 0.646453373015873 0.43287037037037035 0.030009920634920636 0.037698412698412696