1 0.3277994791666667 0.332763671875 0.158203125 0.15380859375
1 0.3180338541666667 0.761962890625 0.216796875 0.15283203125
1 0.396484375 0.5634765625 0.18489583333333334 0.1220703125
1 0.7535807291666666 0.54931640625 0.2584635416666667 0.109375
1 0.21842447916666666 0.443359375 0.189453125 0.1005859375
1 0.5026041666666666 0.796630859375 0.19010416666666666 0.08935546875
1 0.8587239583333334 0.6162109375 0.15364583333333334 0.0654296875
1 0.18424479166666666 0.730712890625 0.09244791666666667 0.05712890625
1 0.7490234375 0.859619140625 0.17122395833333334 0.05712890625
1 0.5569661458333334 0.89404296875 0.12044270833333333 0.0546875
1 0.8597005208333334 0.810546875 0.12174479166666667 0.052734375
1 0.7340494791666666 0.92822265625 0.158203125 0.046875
1 0.6243489583333334 0.752197265625 0.19921875 0.04345703125
1 0.9339192708333334 0.59765625 0.13216145833333334 0.1181640625