1 0.1123046875 0.159423828125 0.15690104166666666 0.12255859375
1 0.1416015625 0.705078125 0.14127604166666666 0.1162109375
1 0.8033854166666666 0.478759765625 0.13932291666666666 0.10302734375
1 0.07942708333333333 0.420654296875 0.14322916666666666 0.09228515625
1 0.4280598958333333 0.70263671875 0.16341145833333334 0.0869140625
1 0.267578125 0.8583984375 0.08723958333333333 0.0869140625
1 0.11783854166666667 0.494873046875 0.13802083333333334 0.08154296875
1 0.4189453125 0.531494140625 0.119140625 0.08056640625
1 0.9215494791666666 0.284423828125 0.14908854166666666 0.07958984375
1 0.4609375 0.866943359375 0.13411458333333334 0.07177734375
1 0.6005859375 0.9287109375 0.10872395833333333 0.0673828125
1 0.14453125 0.916015625 0.14453125 0.06640625
1 0.5185546875 0.52978515625 0.13997395833333334 0.0615234375
1 0.3170572916666667 0.555419921875 0.13151041666666666 0.05126953125
1 0.6285807291666666 0.540283203125 0.11653645833333333 0.04541015625