4 0.4124348958333333 0.5283203125 0.259765625 0.1376953125
0 0.9225260416666666 0.325927734375 0.15364583333333334 0.12646484375
4 0.2643229166666667 0.93798828125 0.2513020833333333 0.123046875
6 0.689453125 0.4306640625 0.059895833333333336 0.0859375
0 0.73046875 0.5078125 0.06380208333333333 0.0830078125
0 0.5374348958333334 0.875732421875 0.19075520833333334 0.07763671875
0 0.9475911458333334 0.42724609375 0.10481770833333333 0.07421875
0 0.9713541666666666 0.3837890625 0.055989583333333336 0.072265625
0 0.9020182291666666 0.542724609375 0.08919270833333333 0.06591796875
0 0.6875 0.50439453125 0.041666666666666664 0.064453125
0 0.623046875 0.556640625 0.036458333333333336 0.0634765625
4 0.5445963541666666 0.79931640625 0.12044270833333333 0.060546875
0 0.8121744791666666 0.5546875 0.09049479166666667 0.0595703125
0 0.6012369791666666 0.495361328125 0.059244791666666664 0.05908203125
4 0.783203125 0.71728515625 0.20442708333333334 0.0517578125
0 0.9205729166666666 0.59912109375 0.10026041666666667 0.041015625
0 0.9674479166666666 0.652099609375 0.06380208333333333 0.03857421875
0 0.8704427083333334 0.563232421875 0.09895833333333333 0.03759765625