3 0.5807291666666666 0.32275390625 0.059895833333333336 0.08984375
3 0.5133463541666666 0.32861328125 0.056640625 0.0859375
3 0.9114583333333334 0.221435546875 0.07552083333333333 0.08154296875
3 0.4254557291666667 0.3271484375 0.055338541666666664 0.0771484375
3 0.3756510416666667 0.545166015625 0.2708333333333333 0.07470703125
3 0.5934244791666666 0.204345703125 0.029296875 0.06396484375
3 0.4752604166666667 0.2216796875 0.04296875 0.0625
3 0.146484375 0.292724609375 0.078125 0.05615234375
3 0.5517578125 0.2041015625 0.054036458333333336 0.0556640625
3 0.3639322916666667 0.344482421875 0.0625 0.05126953125
3 0.7721354166666666 0.05029296875 0.049479166666666664 0.0419921875
3 0.10677083333333333 0.362548828125 0.07552083333333333 0.05224609375