2 0.5426432291666666 0.49755859375 0.212890625 0.1123046875
2 0.0595703125 0.307861328125 0.119140625 0.11181640625
2 0.8570963541666666 0.262939453125 0.10221354166666667 0.08740234375
2 0.22688802083333334 0.228759765625 0.076171875 0.05908203125
2 0.6168619791666666 0.203369140625 0.034505208333333336 0.05224609375
2 0.3889973958333333 0.22998046875 0.056640625 0.0498046875
2 0.5983072916666666 0.216552734375 0.04296875 0.04541015625
2 0.5533854166666666 0.22705078125 0.04296875 0.041015625
2 0.46875 0.23095703125 0.06640625 0.041015625
2 0.69140625 0.22216796875 0.01953125 0.0361328125
2 0.322265625 0.233154296875 0.0546875 0.03564453125
2 0.7522786458333334 0.212890625 0.025390625 0.0302734375
2 0.7200520833333334 0.212646484375 0.028645833333333332 0.02978515625
2 0.9225260416666666 0.213623046875 0.022135416666666668 0.02685546875
2 0.7864583333333334 0.224853515625 0.033854166666666664 0.02587890625
2 0.9856770833333334 0.228759765625 0.024739583333333332 0.02099609375