4 0.5423177083333334 0.524169921875 0.8072916666666666 0.43212890625
0 0.0859375 0.54931640625 0.07682291666666667 0.037109375
0 0.052734375 0.447998046875 0.028645833333333332 0.03369140625
0 0.033203125 0.503173828125 0.06640625 0.03271484375
0 0.3089192708333333 0.290771484375 0.119140625 0.03173828125
0 0.053059895833333336 0.418212890625 0.018880208333333332 0.02978515625
0 0.0322265625 0.59814453125 0.064453125 0.029296875
0 0.061848958333333336 0.523681640625 0.09244791666666667 0.02685546875
0 0.17838541666666666 0.259033203125 0.10286458333333333 0.02685546875
0 0.02734375 0.561767578125 0.0546875 0.02392578125
0 0.1650390625 0.53857421875 0.06705729166666667 0.0224609375
0 0.142578125 0.5478515625 0.061197916666666664 0.0224609375