0 0.8427734375 0.108642578125 0.2610677083333333 0.14404296875
6 0.7333984375 0.6748046875 0.22721354166666666 0.111328125
4 0.7054036458333334 0.495361328125 0.3040364583333333 0.10693359375
4 0.4567057291666667 0.549560546875 0.08138020833333333 0.09033203125
0 0.9215494791666666 0.23583984375 0.15690104166666666 0.08203125
4 0.09114583333333333 0.470458984375 0.18229166666666666 0.07373046875
0 0.3688151041666667 0.76513671875 0.12565104166666666 0.0703125
0 0.3714192708333333 0.7041015625 0.11263020833333333 0.0625
4 0.60546875 0.472900390625 0.18098958333333334 0.05517578125
0 0.4921875 0.312744140625 0.12109375 0.04736328125
0 0.6611328125 0.331298828125 0.13736979166666666 0.04638671875
0 0.8479817708333334 0.354736328125 0.130859375 0.04541015625
0 0.7522786458333334 0.342529296875 0.146484375 0.04248046875
0 0.5491536458333334 0.37939453125 0.10481770833333333 0.041015625
0 0.7272135416666666 0.069580078125 0.140625 0.04052734375
0 0.7841796875 0.379638671875 0.119140625 0.03173828125
0 0.6764322916666666 0.37841796875 0.12369791666666667 0.04296875