2 0.3102213541666667 0.578369140625 0.09049479166666667 0.11767578125
2 0.8056640625 0.513427734375 0.042317708333333336 0.06494140625
2 0.20638020833333334 0.489013671875 0.048177083333333336 0.05810546875
2 0.7356770833333334 0.52197265625 0.048177083333333336 0.0576171875
2 0.2535807291666667 0.483154296875 0.030598958333333332 0.05029296875
2 0.3515625 0.487548828125 0.07942708333333333 0.04833984375
2 0.416015625 0.486328125 0.0390625 0.046875
2 0.4596354166666667 0.4873046875 0.0390625 0.041015625
2 0.9345703125 0.48779296875 0.044921875 0.041015625
2 0.5592447916666666 0.487060546875 0.045572916666666664 0.03857421875
2 0.6165364583333334 0.47509765625 0.015625 0.033203125
2 0.4674479166666667 0.4521484375 0.028645833333333332 0.0322265625
2 0.3294270833333333 0.47607421875 0.037760416666666664 0.03125
2 0.6048177083333334 0.476806640625 0.02734375 0.03076171875
2 0.6243489583333334 0.497314453125 0.07942708333333333 0.02685546875
2 0.8450520833333334 0.481201171875 0.028645833333333332 0.02490234375
2 0.7083333333333334 0.475830078125 0.024739583333333332 0.02294921875
2 0.7503255208333334 0.476806640625 0.027994791666666668 0.02001953125
2 0.07291666666666667 0.38037109375 0.041666666666666664 0.0185546875
2 0.4462890625 0.457275390625 0.033203125 0.01513671875
2 0.5686848958333334 0.463623046875 0.024088541666666668 0.01123046875
2 0.5556640625 0.434326171875 0.057942708333333336 0.01025390625
2 0.9791666666666666 0.483154296875 0.028645833333333332 0.03369140625