0 0.896484375 0.13134765625 0.14713541666666666 0.1904296875
4 0.4729817708333333 0.590087890625 0.435546875 0.15283203125
4 0.3170572916666667 0.94091796875 0.3776041666666667 0.1171875
0 0.18326822916666666 0.3583984375 0.17643229166666666 0.1025390625
0 0.3577473958333333 0.422119140625 0.16471354166666666 0.07666015625
0 0.9475911458333334 0.358642578125 0.103515625 0.07666015625
0 0.08626302083333333 0.38037109375 0.17252604166666666 0.0673828125
0 0.7659505208333334 0.462890625 0.197265625 0.064453125
0 0.9423828125 0.46142578125 0.115234375 0.060546875
0 0.057291666666666664 0.4765625 0.11458333333333333 0.05859375
0 0.1875 0.425048828125 0.1796875 0.05615234375
0 0.6041666666666666 0.454833984375 0.13932291666666666 0.04736328125
0 0.5953776041666666 0.41455078125 0.14388020833333334 0.046875
0 0.7073567708333334 0.390625 0.134765625 0.0380859375