0 0.8189814814814815 0.47760416666666666 0.2916666666666667 0.13645833333333332
0 0.18981481481481483 0.44973958333333336 0.2740740740740741 0.1359375
0 0.625462962962963 0.5359375 0.16574074074074074 0.13125
4 0.5569444444444445 0.09895833333333333 0.7583333333333333 0.121875
0 0.25972222222222224 0.5833333333333334 0.30833333333333335 0.11770833333333333
0 0.15185185185185185 0.2947916666666667 0.16296296296296298 0.11145833333333334
0 0.2439814814814815 0.3890625 0.27685185185185185 0.1
0 0.49444444444444446 0.2734375 0.22962962962962963 0.09166666666666666
0 0.562962962962963 0.36614583333333334 0.25 0.08645833333333333
0 0.48564814814814816 0.4390625 0.20092592592592592 0.08541666666666667
0 0.7550925925925925 0.34322916666666664 0.24537037037037038 0.08333333333333333
0 0.8384259259259259 0.2421875 0.15092592592592594 0.058333333333333334
0 0.05138888888888889 0.19791666666666666 0.062037037037037036 0.05520833333333333
0 0.26435185185185184 0.20052083333333334 0.09722222222222222 0.05
0 0.8453703703703703 0.11588541666666667 0.06481481481481481 0.0390625
0 0.9162037037037037 0.050520833333333334 0.04537037037037037 0.034375
0 0.7574074074074074 0.05703125 0.05740740740740741 0.025520833333333333
0 0.3277777777777778 0.07473958333333333 0.06666666666666667 0.021354166666666667
0 0.6814814814814815 0.08359375 0.05555555555555555 0.0171875