2 0.3395182291666667 0.46435546875 0.091796875 0.1044921875
2 0.2998046875 0.46435546875 0.035807291666666664 0.09375
2 0.759765625 0.5224609375 0.0546875 0.0625
2 0.9205729166666666 0.537353515625 0.09895833333333333 0.05908203125
2 0.025065104166666668 0.51953125 0.050130208333333336 0.05859375
2 0.7229817708333334 0.528076171875 0.060546875 0.04931640625
2 0.5690104166666666 0.488525390625 0.049479166666666664 0.04931640625
2 0.5208333333333334 0.497802734375 0.05859375 0.04736328125
2 0.4609375 0.48583984375 0.049479166666666664 0.041015625
2 0.6448567708333334 0.6494140625 0.185546875 0.0341796875
2 0.07942708333333333 0.50390625 0.0234375 0.0283203125
2 0.05859375 0.500732421875 0.01953125 0.03271484375