0 0.37083333333333335 0.5921875 0.30648148148148147 0.14895833333333333
0 0.5912037037037037 0.5552083333333333 0.2861111111111111 0.13854166666666667
0 0.5328703703703703 0.33098958333333334 0.15833333333333333 0.13072916666666667
0 0.5736111111111111 0.428125 0.18796296296296297 0.12604166666666666
0 0.8384259259259259 0.6200520833333333 0.1824074074074074 0.11822916666666666
0 0.09398148148148149 0.5145833333333333 0.18425925925925926 0.115625
0 0.30787037037037035 0.4640625 0.12129629629629629 0.11041666666666666
0 0.3768518518518518 0.39505208333333336 0.1537037037037037 0.10260416666666666
0 0.8518518518518519 0.37005208333333334 0.1685185185185185 0.10260416666666666
0 0.7458333333333333 0.3494791666666667 0.13240740740740742 0.10104166666666667
0 0.1425925925925926 0.43203125 0.15925925925925927 0.10052083333333334
0 0.8060185185185185 0.46536458333333336 0.2212962962962963 0.0953125
0 0.9398148148148148 0.35598958333333336 0.12037037037037036 0.09114583333333333
0 0.8546296296296296 0.52734375 0.1962962962962963 0.08802083333333334
0 0.2916666666666667 0.30625 0.1 0.0875
0 0.6064814814814815 0.3078125 0.13518518518518519 0.0875
4 0.09583333333333334 0.15 0.19166666666666668 0.07291666666666667
0 0.4462962962962963 0.09921875 0.08703703703703704 0.0390625
0 0.8939814814814815 0.06770833333333333 0.09166666666666666 0.03333333333333333
0 0.6592592592592592 0.090625 0.046296296296296294 0.023958333333333335