0 0.24193948412698413 0.42724867724867727 0.17733134920634921 0.32142857142857145
0 0.27938988095238093 0.8521825396825397 0.17385912698412698 0.29563492063492064
0 0.1654265873015873 0.33449074074074076 0.1984126984126984 0.24966931216931218
0 0.41803075396825395 0.5246362433862434 0.1232638888888889 0.22784391534391535
0 0.11247519841269842 0.5499338624338624 0.1416170634920635 0.22552910052910052
0 0.8937251984126984 0.4313822751322751 0.21254960317460317 0.2080026455026455
0 0.14074900793650794 0.896494708994709 0.15997023809523808 0.207010582010582
0 0.6711309523809523 0.708994708994709 0.19990079365079366 0.1832010582010582
0 0.9037698412698413 0.5124007936507936 0.18948412698412698 0.11937830687830688
0 0.6336805555555556 0.9075727513227513 0.22668650793650794 0.11342592592592593
4 0.7513640873015873 0.3062169312169312 0.26165674603174605 0.6124338624338624