2 0.581787109375 0.5670572916666666 0.60498046875 0.41015625
2 0.873779296875 0.2994791666666667 0.03662109375 0.09114583333333333
2 0.158203125 0.3190104166666667 0.0517578125 0.08333333333333333
2 0.053955078125 0.3580729166666667 0.05126953125 0.07552083333333333
2 0.017333984375 0.3600260416666667 0.02880859375 0.06380208333333333
2 0.929931640625 0.2991536458333333 0.03857421875 0.06315104166666667
2 0.262451171875 0.3408203125 0.03369140625 0.056640625
2 0.09912109375 0.3483072916666667 0.0458984375 0.055989583333333336
2 0.210205078125 0.3522135416666667 0.03369140625 0.049479166666666664
2 0.2998046875 0.31640625 0.0224609375 0.045572916666666664
2 0.82861328125 0.333984375 0.025390625 0.0390625
2 0.98291015625 0.318359375 0.021484375 0.03125