1 0.43680555555555556 0.06888020833333333 0.09768518518518518 0.04296875
1 0.5331018518518519 0.23255208333333333 0.08842592592592592 0.05260416666666667
1 0.6662037037037037 0.22734375 0.12314814814814815 0.0546875
1 0.6368055555555555 0.39739583333333334 0.14583333333333334 0.075
1 0.5125 0.36106770833333335 0.09537037037037037 0.03567708333333333
1 0.24189814814814814 0.3807291666666667 0.11157407407407408 0.06875
1 0.45532407407407405 0.46067708333333335 0.08472222222222223 0.03177083333333333
1 0.060648148148148145 0.45026041666666666 0.1175925925925926 0.0546875
1 0.08935185185185185 0.5536458333333333 0.11018518518518519 0.04375
1 0.11967592592592592 0.244921875 0.12638888888888888 0.05755208333333333
1 0.7576388888888889 0.8212239583333333 0.09861111111111111 0.055989583333333336
1 0.5502314814814815 0.7618489583333333 0.09305555555555556 0.03203125
1 0.1372685185185185 0.9108072916666666 0.07083333333333333 0.05078125
1 0.9578703703703704 0.9145833333333333 0.08425925925925926 0.057291666666666664
1 0.04513888888888889 0.6233072916666667 0.08657407407407407 0.03828125