4 0.5677083333333334 0.62744140625 0.65234375 0.2353515625
4 0.5921223958333334 0.369384765625 0.6751302083333334 0.20361328125
0 0.7386067708333334 0.840087890625 0.19986979166666666 0.09912109375
0 0.7112630208333334 0.607421875 0.10481770833333333 0.0693359375
0 0.19173177083333334 0.20947265625 0.19075520833333334 0.0615234375
4 0.4173177083333333 0.479248046875 0.11197916666666667 0.06005859375
0 0.049479166666666664 0.222900390625 0.09895833333333333 0.05615234375
0 0.5517578125 0.275634765625 0.17252604166666666 0.05615234375
0 0.291015625 0.21484375 0.10286458333333333 0.0517578125
0 0.951171875 0.292724609375 0.09635416666666667 0.05126953125
0 0.4811197916666667 0.219970703125 0.15755208333333334 0.05126953125
0 0.5979817708333334 0.218994140625 0.111328125 0.04833984375
0 0.3756510416666667 0.256103515625 0.18359375 0.04833984375
0 0.6389973958333334 0.262939453125 0.11783854166666667 0.04248046875
0 0.040690104166666664 0.247802734375 0.08138020833333333 0.04150390625
0 0.4417317708333333 0.189208984375 0.14778645833333334 0.04052734375
0 0.12858072916666666 0.119873046875 0.12955729166666666 0.03955078125
0 0.6702473958333334 0.35009765625 0.15299479166666666 0.0380859375
0 0.38277343750000004 0.3342431640625 0.121015625 0.069853515625