0 0.12923177083333334 0.1298828125 0.2584635416666667 0.1572265625
0 0.4352213541666667 0.165283203125 0.3626302083333333 0.10595703125
0 0.3167317708333333 0.2578125 0.259765625 0.0849609375
0 0.7037760416666666 0.271484375 0.2825520833333333 0.0849609375
0 0.5875651041666666 0.243408203125 0.2688802083333333 0.07373046875
4 0.5052083333333334 0.63037109375 0.1015625 0.0625
0 0.033203125 0.3564453125 0.06640625 0.0595703125
0 0.12923177083333334 0.313232421875 0.055338541666666664 0.05810546875
0 0.8346354166666666 0.496337890625 0.1015625 0.03466796875
0 0.4635416666666667 0.4697265625 0.0703125 0.033203125
0 0.6588541666666666 0.45361328125 0.10026041666666667 0.033203125
0 0.7923177083333334 0.447021484375 0.07682291666666667 0.03271484375
0 0.5458984375 0.450927734375 0.050130208333333336 0.02880859375
0 0.373046875 0.525390625 0.09244791666666667 0.02734375
0 0.548828125 0.34228515625 0.059895833333333336 0.0263671875