2 0.552734375 0.5595703125 0.11588541666666667 0.09765625
2 0.8138020833333334 0.474853515625 0.06380208333333333 0.08837890625
2 0.4202473958333333 0.521240234375 0.06966145833333333 0.08349609375
2 0.6360677083333334 0.511474609375 0.032552083333333336 0.06787109375
2 0.7405598958333334 0.470947265625 0.060546875 0.06201171875
2 0.6822916666666666 0.485595703125 0.041666666666666664 0.05224609375
2 0.0576171875 0.54296875 0.07747395833333333 0.0419921875
2 0.2613932291666667 0.54296875 0.039713541666666664 0.037109375
2 0.919921875 0.490966796875 0.02734375 0.03466796875
2 0.09798177083333333 0.484130859375 0.035807291666666664 0.03369140625
2 0.9694010416666666 0.49951171875 0.037760416666666664 0.03125
2 0.9788411458333334 0.44921875 0.024088541666666668 0.025390625
2 0.18587239583333334 0.499755859375 0.018880208333333332 0.02294921875