4 0.5432942708333334 0.13134765625 0.2923177083333333 0.1142578125
4 0.087890625 0.0966796875 0.15755208333333334 0.083984375
6 0.7180989583333334 0.456298828125 0.21875 0.08056640625
0 0.7281901041666666 0.03662109375 0.2923177083333333 0.0732421875
6 0.3544921875 0.598388671875 0.162109375 0.06005859375
0 0.7425130208333334 0.342529296875 0.14518229166666666 0.05029296875
0 0.18880208333333334 0.02294921875 0.10807291666666667 0.0458984375
0 0.314453125 0.030029296875 0.08072916666666667 0.04541015625
0 0.4775390625 0.431640625 0.201171875 0.0439453125
0 0.1494140625 0.31640625 0.150390625 0.0419921875
0 0.478515625 0.045654296875 0.07682291666666667 0.03955078125
0 0.396484375 0.08154296875 0.08723958333333333 0.0390625
0 0.7913411458333334 0.107177734375 0.111328125 0.03759765625
0 0.9615885416666666 0.2275390625 0.052083333333333336 0.0361328125
4 0.7952473958333334 0.170654296875 0.07356770833333333 0.03466796875
0 0.8899739583333334 0.108154296875 0.09114583333333333 0.03369140625
0 0.9654947916666666 0.105224609375 0.06770833333333333 0.03271484375
0 0.5680338541666666 0.201171875 0.035807291666666664 0.0322265625
0 0.9280598958333334 0.13623046875 0.10221354166666667 0.03125
0 0.5598958333333334 0.05419921875 0.049479166666666664 0.03125
4 0.3408203125 0.35546875 0.14388020833333334 0.0283203125
0 0.8427734375 0.140869140625 0.08138020833333333 0.02783203125
0 0.7301432291666666 0.146484375 0.06705729166666667 0.02734375
0 0.06901041666666667 0.013427734375 0.08723958333333333 0.02685546875
6 0.177734375 0.4150390625 0.11588541666666667 0.025390625
6 0.564453125 0.357421875 0.078125 0.0205078125
0 0.8919270833333334 0.22705078125 0.049479166666666664 0.01953125
0 0.9886067708333334 0.235595703125 0.022786458333333332 0.01904296875