1 0.8967592592592593 0.52109375 0.2064814814814815 0.17239583333333333
1 0.32083333333333336 0.1078125 0.287962962962963 0.16458333333333333
1 0.9305555555555556 0.159375 0.1388888888888889 0.146875
1 0.7064814814814815 0.734375 0.32407407407407407 0.14583333333333334
1 0.13425925925925927 0.23828125 0.22962962962962963 0.13177083333333334
1 0.6412037037037037 0.3203125 0.1787037037037037 0.13125
1 0.38101851851851853 0.27265625 0.24722222222222223 0.12135416666666667
1 0.29907407407407405 0.7856770833333333 0.13703703703703704 0.11302083333333333
1 0.6032407407407407 0.17447916666666666 0.2675925925925926 0.109375
1 0.5527777777777778 0.24375 0.22592592592592592 0.10625
1 0.4425925925925926 0.6270833333333333 0.14444444444444443 0.10625
1 0.45694444444444443 0.43463541666666666 0.21944444444444444 0.10572916666666667
1 0.9009259259259259 0.8817708333333333 0.19814814814814816 0.10416666666666667
1 0.774074074074074 0.6421875 0.22777777777777777 0.10208333333333333
1 0.8828703703703704 0.840625 0.23425925925925925 0.10208333333333333
1 0.2800925925925926 0.6841145833333333 0.287962962962963 0.1015625
1 0.48055555555555557 0.05078125 0.19444444444444445 0.1015625
1 0.24166666666666667 0.5877604166666667 0.16111111111111112 0.10052083333333334
1 0.7421296296296296 0.04973958333333333 0.225 0.09947916666666666
1 0.5541666666666667 0.8528645833333334 0.10462962962962963 0.0953125
1 0.17824074074074073 0.7106770833333333 0.225 0.09322916666666667
1 0.9023148148148148 0.33046875 0.19537037037037036 0.0828125
1 0.7662037037037037 0.11953125 0.13425925925925927 0.08072916666666667
1 0.15648148148148147 0.8635416666666667 0.11296296296296296 0.07916666666666666
1 0.9 0.7565104166666666 0.12777777777777777 0.07864583333333333
1 0.8694444444444445 0.046614583333333334 0.1 0.0765625
1 0.538425925925926 0.7203125 0.09722222222222222 0.07395833333333333
1 0.11666666666666667 0.521875 0.12222222222222222 0.06666666666666667
1 0.4699074074074074 0.7786458333333334 0.20833333333333334 0.065625
1 0.937037037037037 0.9716145833333333 0.12037037037037036 0.05677083333333333
1 0.6018518518518519 0.5885416666666666 0.17037037037037037 0.05625
1 0.10925925925925926 0.7833333333333333 0.08148148148148149 0.05
1 0.725 0.41770833333333335 0.11851851851851852 0.03958333333333333