0 0.549074074074074 0.5046875 0.13703703703703704 0.05625
0 0.9513888888888888 0.54296875 0.09722222222222222 0.06614583333333333
0 0.38819444444444445 0.3294270833333333 0.13194444444444445 0.058854166666666666
0 0.7331018518518518 0.25416666666666665 0.15138888888888888 0.06666666666666667
0 0.46921296296296294 0.21640625 0.11805555555555555 0.05677083333333333
0 0.27800925925925923 0.22486979166666668 0.09675925925925925 0.046614583333333334
0 0.33287037037037037 0.23854166666666668 0.06574074074074074 0.053125
0 0.2412037037037037 0.246484375 0.06759259259259259 0.04609375
0 0.7752314814814815 0.121875 0.09305555555555556 0.03229166666666667
0 0.24375 0.14192708333333334 0.05787037037037037 0.0390625
0 0.7671296296296296 0.07395833333333333 0.08981481481481482 0.03229166666666667
0 0.6995370370370371 0.04375 0.06759259259259259 0.042708333333333334
0 0.34953703703703703 0.4171875 0.07314814814814814 0.071875
0 0.387037037037037 0.20052083333333334 0.06666666666666667 0.04479166666666667
0 0.513425925925926 0.12734375 0.05462962962962963 0.0453125
0 0.9666666666666667 0.13567708333333334 0.06666666666666667 0.09739583333333333