0 0.3454861111111111 0.15128968253968253 0.049107142857142856 0.15178571428571427
0 0.3177083333333333 0.6689814814814815 0.040674603174603176 0.12566137566137567
0 0.30952380952380953 0.18171296296296297 0.059027777777777776 0.12466931216931217
0 0.21850198412698413 0.5588624338624338 0.03373015873015873 0.12367724867724868
0 0.2166418650793651 0.6443452380952381 0.07465277777777778 0.11342592592592593
0 0.18663194444444445 0.5815145502645502 0.038938492063492064 0.10218253968253968
0 0.24888392857142858 0.5279431216931217 0.046875 0.10085978835978836
0 0.05555555555555555 0.6317791005291006 0.03273809523809524 0.09953703703703703
0 0.5328621031746031 0.43353174603174605 0.035962301587301584 0.09523809523809523
0 0.13405257936507936 0.6380621693121693 0.03695436507936508 0.09490740740740741
0 0.3351934523809524 0.48743386243386244 0.07713293650793651 0.08994708994708994
0 0.32353670634920634 0.3488756613756614 0.04439484126984127 0.08796296296296297
0 0.15538194444444445 0.74619708994709 0.043402777777777776 0.08697089947089948
0 0.11669146825396826 0.8622685185185185 0.04092261904761905 0.08697089947089948
0 0.3665674603174603 0.39599867724867727 0.03819444444444445 0.08697089947089948
0 0.28596230158730157 0.902281746031746 0.03571428571428571 0.08432539682539683
0 0.10627480158730158 0.7589285714285714 0.027529761904761904 0.083994708994709
0 0.13430059523809523 0.691468253968254 0.033482142857142856 0.083994708994709
0 0.2982390873015873 0.6028439153439153 0.026537698412698412 0.08267195767195767
0 0.15811011904761904 0.6861772486772487 0.026041666666666668 0.07605820105820106
0 0.26525297619047616 0.37020502645502645 0.06572420634920635 0.06448412698412699
0 0.37003968253968256 0.28935185185185186 0.04811507936507937 0.062169312169312166
0 0.18328373015873015 0.9484126984126984 0.030753968253968252 0.06084656084656084
0 0.2527281746031746 0.21246693121693122 0.022817460317460316 0.05853174603174603
0 0.20969742063492064 0.9041005291005291 0.04141865079365079 0.05423280423280423
0 0.4010416666666667 0.12880291005291006 0.031746031746031744 0.0539021164021164
0 0.07390873015873016 0.9745370370370371 0.022817460317460316 0.05092592592592592
0 0.08754960317460317 0.09060846560846561 0.021825396825396824 0.04365079365079365