0 0.4140625 0.108642578125 0.26171875 0.13623046875
0 0.2587890625 0.154052734375 0.16731770833333334 0.13232421875
0 0.19954427083333334 0.22802734375 0.16080729166666666 0.1220703125
0 0.8424479166666666 0.347900390625 0.3138020833333333 0.10400390625
0 0.14290364583333334 0.0458984375 0.150390625 0.091796875
4 0.4921875 0.52294921875 0.18489583333333334 0.087890625
0 0.10514322916666667 0.2158203125 0.13997395833333334 0.0791015625
0 0.3489583333333333 0.283447265625 0.140625 0.07568359375
4 0.7158203125 0.5009765625 0.24674479166666666 0.0712890625
0 0.19661458333333334 0.22119140625 0.15364583333333334 0.0615234375
0 0.5914713541666666 0.367919921875 0.22591145833333334 0.05908203125
0 0.020182291666666668 0.23583984375 0.040364583333333336 0.0576171875
0 0.8232421875 0.240478515625 0.18033854166666666 0.05517578125
0 0.5416666666666666 0.268798828125 0.17317708333333334 0.05224609375
0 0.603515625 0.2890625 0.16666666666666666 0.0498046875
0 0.8935546875 0.30419921875 0.212890625 0.04296875
0 0.3736979166666667 0.298828125 0.20442708333333334 0.0419921875
0 0.8727213541666666 0.257080078125 0.14908854166666666 0.03759765625
4 0.8919270833333334 0.546142578125 0.2109375 0.07080078125