1 0.716796875 0.08203125 0.24348958333333334 0.1640625
1 0.6764322916666666 0.42431640625 0.23046875 0.1484375
1 0.3190104166666667 0.624755859375 0.1171875 0.14697265625
1 0.77734375 0.9208984375 0.234375 0.146484375
1 0.89453125 0.906005859375 0.14713541666666666 0.11083984375
1 0.9453125 0.629638671875 0.10807291666666667 0.10693359375
1 0.5065104166666666 0.46728515625 0.20963541666666666 0.10546875
1 0.693359375 0.619140625 0.12630208333333334 0.1025390625
1 0.9436848958333334 0.415283203125 0.11263020833333333 0.10205078125
1 0.802734375 0.5390625 0.16145833333333334 0.1015625
1 0.80078125 0.233642578125 0.13411458333333334 0.09716796875
1 0.5452473958333334 0.778076171875 0.19986979166666666 0.09228515625
1 0.6575520833333334 0.86181640625 0.20572916666666666 0.0908203125
1 0.048828125 0.61376953125 0.09765625 0.087890625
1 0.5709635416666666 0.615234375 0.12890625 0.07421875
1 0.6357421875 0.944580078125 0.154296875 0.06982421875
1 0.7180989583333334 0.299072265625 0.17578125 0.06787109375
1 0.6057942708333334 0.5244140625 0.181640625 0.06640625
1 0.3561197916666667 0.894287109375 0.16796875 0.06396484375
1 0.3515625 0.4638671875 0.125 0.0625
1 0.3001302083333333 0.9814453125 0.14973958333333334 0.0361328125
1 0.0263671875 0.964599609375 0.051432291666666664 0.07080078125