4 0.9352213541666666 0.148681640625 0.12955729166666666 0.13330078125
0 0.14518229166666666 0.277099609375 0.25 0.12451171875
4 0.6845703125 0.47802734375 0.115234375 0.078125
0 0.24348958333333334 0.1083984375 0.23958333333333334 0.076171875
4 0.5520833333333334 0.548095703125 0.20442708333333334 0.07373046875
4 0.2874348958333333 0.225830078125 0.123046875 0.06884765625
0 0.330078125 0.517578125 0.18359375 0.06640625
0 0.6165364583333334 0.2509765625 0.10416666666666667 0.0654296875
4 0.7376302083333334 0.22998046875 0.21614583333333334 0.064453125
0 0.6539713541666666 0.09033203125 0.08138020833333333 0.0634765625
0 0.5465494791666666 0.179931640625 0.048828125 0.05419921875
0 0.5934244791666666 0.135009765625 0.08138020833333333 0.05126953125
0 0.3994140625 0.19189453125 0.09309895833333333 0.0498046875
0 0.7350260416666666 0.096923828125 0.07421875 0.04638671875
0 0.054036458333333336 0.2470703125 0.053385416666666664 0.04296875
0 0.771484375 0.02099609375 0.06380208333333333 0.0419921875
4 0.1611328125 0.57568359375 0.220703125 0.041015625
0 0.10026041666666667 0.209716796875 0.053385416666666664 0.04052734375
0 0.0400390625 0.2099609375 0.080078125 0.041015625
0 0.044270833333333336 0.1796875 0.05078125 0.0390625
0 0.0390625 0.2841796875 0.078125 0.0390625
0 0.013671875 0.182373046875 0.02734375 0.03271484375
0 0.4749348958333333 0.10791015625 0.059244791666666664 0.0322265625
6 0.4973958333333333 0.61962890625 0.10677083333333333 0.0322265625