6 0.47668650793650796 0.16005291005291006 0.09126984126984126 0.20304232804232805
0 0.9610615079365079 0.33978174603174605 0.07688492063492064 0.11541005291005291
0 0.7234623015873016 0.328042328042328 0.022321428571428572 0.08465608465608465
0 0.3098958333333333 0.3353174603174603 0.021577380952380952 0.07936507936507936
0 0.574280753968254 0.20436507936507936 0.019593253968253968 0.06547619047619048
0 0.25930059523809523 0.7855489417989417 0.029513888888888888 0.05125661375661376
0 0.9518849206349206 0.44560185185185186 0.013392857142857142 0.050595238095238096
0 0.5935019841269841 0.8855820105820106 0.018849206349206348 0.03968253968253968
0 0.2144097222222222 0.8583002645502645 0.029513888888888888 0.03869047619047619
0 0.792906746031746 0.8936838624338624 0.01488095238095238 0.035383597883597885
0 0.761656746031746 0.533068783068783 0.032242063492063495 0.03505291005291005
0 0.9546130952380952 0.8892195767195767 0.018849206349206348 0.03439153439153439
0 0.8865327380952381 0.9441137566137566 0.017609126984126984 0.03373015873015873
0 0.5627480158730159 0.3976521164021164 0.010912698412698412 0.03273809523809524
0 0.8287450396825397 0.8680555555555556 0.015128968253968254 0.032407407407407406
0 0.40910218253968256 0.30753968253968256 0.006200396825396825 0.025793650793650792
0 0.5086805555555556 0.32787698412698413 0.014384920634920634 0.023478835978835978
0 0.626984126984127 0.8090277777777778 0.011904761904761904 0.01951058201058201
0 0.5538194444444444 0.34408068783068785 0.010416666666666666 0.018187830687830687
0 0.6122271825396826 0.8799603174603174 0.016121031746031748 0.017857142857142856
0 0.42671130952380953 0.3857473544973545 0.009176587301587302 0.01025132275132275
6 0.30456349206349204 0.48148148148148145 0.06646825396825397 0.20899470899470898