4 0.310546875 0.46435546875 0.41015625 0.158203125
0 0.6123046875 0.736083984375 0.4485677083333333 0.13525390625
0 0.9163411458333334 0.439208984375 0.16731770833333334 0.07666015625
4 0.9358723958333334 0.806640625 0.12825520833333334 0.0712890625
0 0.6458333333333334 0.57470703125 0.22135416666666666 0.0703125
0 0.7955729166666666 0.7998046875 0.15625 0.0703125
0 0.84765625 0.59716796875 0.13541666666666666 0.0654296875
0 0.8440755208333334 0.525146484375 0.11263020833333333 0.06494140625
0 0.6969401041666666 0.6005859375 0.17903645833333334 0.0625
0 0.2197265625 0.97265625 0.248046875 0.0537109375
0 0.4729817708333333 0.619873046875 0.07356770833333333 0.04638671875
0 0.2565104166666667 0.56640625 0.1484375 0.044921875
0 0.06510416666666667 0.87841796875 0.125 0.0419921875
0 0.556640625 0.647216796875 0.046875 0.04052734375
0 0.041666666666666664 0.64404296875 0.08333333333333333 0.0341796875
0 0.330078125 0.596923828125 0.08984375 0.03369140625
0 0.09244791666666667 0.66162109375 0.09895833333333333 0.033203125
6 0.051432291666666664 0.978271484375 0.10286458333333333 0.04345703125