0 0.7786458333333334 0.154296875 0.44140625 0.30859375
0 0.3268229166666667 0.71337890625 0.5846354166666666 0.15234375
0 0.8567708333333334 0.31103515625 0.13802083333333334 0.099609375
4 0.8792317708333334 0.60693359375 0.173828125 0.0712890625
0 0.66015625 0.4990234375 0.07161458333333333 0.0703125
4 0.755859375 0.713134765625 0.08072916666666667 0.04833984375
0 0.3880208333333333 0.545166015625 0.19270833333333334 0.04541015625
4 0.7578125 0.66064453125 0.13671875 0.044921875
0 0.9563802083333334 0.5166015625 0.0859375 0.04296875
0 0.08072916666666667 0.855712890625 0.08984375 0.03955078125
0 0.18229166666666666 0.5244140625 0.11328125 0.0380859375
0 0.8551432291666666 0.536376953125 0.11393229166666667 0.03466796875
0 0.4977213541666667 0.597412109375 0.11783854166666667 0.03173828125
0 0.6083984375 0.596923828125 0.072265625 0.03173828125
0 0.4365234375 0.624267578125 0.12825520833333334 0.03076171875
0 0.6666666666666666 0.60107421875 0.05078125 0.0302734375
0 0.2737630208333333 0.63720703125 0.11002604166666667 0.0302734375
0 0.1005859375 0.837158203125 0.10221354166666667 0.02490234375
0 0.3518880208333333 0.595458984375 0.12044270833333333 0.02490234375
0 0.5621744791666666 0.6171875 0.09309895833333333 0.0234375
0 0.24153645833333334 0.6171875 0.1015625 0.0234375
0 0.15950520833333334 0.62646484375 0.11197916666666667 0.0224609375
6 0.5634765625 0.952880859375 0.11263020833333333 0.02099609375
0 0.07779947916666667 0.6484375 0.08658854166666667 0.0205078125
0 0.5029296875 0.625732421875 0.06966145833333333 0.02001953125
0 0.015625 0.6494140625 0.03125 0.0185546875
0 0.3385416666666667 0.6201171875 0.06640625 0.017578125
0 0.13606770833333334 0.6435546875 0.06380208333333333 0.013671875