0 0.1787109375 0.841552734375 0.14908854166666666 0.09619140625
4 0.3219401041666667 0.415283203125 0.16471354166666666 0.07275390625
0 0.3746744791666667 0.0673828125 0.10481770833333333 0.0673828125
0 0.047200520833333336 0.17138671875 0.09049479166666667 0.0654296875
4 0.4039713541666667 0.569580078125 0.19596354166666666 0.05908203125
4 0.7604166666666666 0.4609375 0.23046875 0.05859375
0 0.4488932291666667 0.067626953125 0.13736979166666666 0.05810546875
0 0.4254557291666667 0.472900390625 0.15559895833333334 0.05712890625
0 0.078125 0.579345703125 0.15625 0.05419921875
0 0.4521484375 0.21484375 0.115234375 0.04296875
0 0.043619791666666664 0.40673828125 0.08723958333333333 0.0419921875
0 0.375 0.1884765625 0.10286458333333333 0.03515625
0 0.4586588541666667 0.019775390625 0.134765625 0.03466796875
0 0.9807942708333334 0.302734375 0.038411458333333336 0.0712890625