4 0.0947265625 0.427978515625 0.15169270833333334 0.12060546875
0 0.6051432291666666 0.048583984375 0.06705729166666667 0.09716796875
0 0.06477864583333333 0.06884765625 0.12955729166666666 0.08984375
4 0.07454427083333333 0.148681640625 0.14908854166666666 0.06884765625
4 0.11848958333333333 0.25390625 0.1640625 0.0654296875
0 0.07975260416666667 0.028076171875 0.15950520833333334 0.05615234375
0 0.22200520833333334 0.17578125 0.08333333333333333 0.0498046875
0 0.4462890625 0.610107421875 0.16341145833333334 0.04541015625
4 0.9384765625 0.4677734375 0.123046875 0.044921875
0 0.5198567708333334 0.3076171875 0.091796875 0.0400390625
0 0.6481119791666666 0.239990234375 0.059244791666666664 0.03955078125
0 0.337890625 0.212890625 0.09505208333333333 0.037109375
0 0.3235677083333333 0.255126953125 0.08072916666666667 0.03369140625
0 0.7457682291666666 0.266357421875 0.06315104166666667 0.03369140625
0 0.5729166666666666 0.2861328125 0.09505208333333333 0.033203125
0 0.8736979166666666 0.237548828125 0.07291666666666667 0.03271484375
0 0.9137369791666666 0.297119140625 0.064453125 0.03173828125
0 0.4241536458333333 0.254150390625 0.09309895833333333 0.03173828125
6 0.6162109375 0.57275390625 0.080078125 0.03125
0 0.7330729166666666 0.262451171875 0.0625 0.03076171875
0 0.7796223958333334 0.271728515625 0.057942708333333336 0.02880859375
0 0.6565755208333334 0.538330078125 0.091796875 0.02783203125
0 0.7486979166666666 0.302734375 0.06640625 0.02734375
0 0.5651041666666666 0.532958984375 0.0625 0.02587890625
0 0.9694010416666666 0.267333984375 0.059895833333333336 0.02490234375
0 0.8531901041666666 0.28662109375 0.055338541666666664 0.0234375
0 0.8681640625 0.264404296875 0.06575520833333333 0.02197265625
0 0.7317708333333334 0.04052734375 0.14583333333333334 0.0810546875