0 0.2486359126984127 0.23239087301587302 0.03149801587301587 0.07258597883597884
0 0.21825396825396826 0.18270502645502645 0.025297619047619048 0.05191798941798942
0 0.6086309523809523 0.5267030423280423 0.023809523809523808 0.05009920634920635
0 0.7822420634920635 0.5104166666666666 0.03819444444444445 0.07242063492063493
0 0.8235987103174603 0.6473214285714286 0.034102182539682536 0.07242063492063493
0 0.8900669642857143 0.3681382275132275 0.02914186507936508 0.03455687830687831
0 0.9853670634920635 0.4634589947089947 0.029265873015873016 0.19014550264550265
0 0.26537698412698413 0.8828538359788359 0.04265873015873016 0.1618716931216931
0 0.20442708333333334 0.9553571428571429 0.028893849206349208 0.07936507936507936
0 0.3126860119047619 0.140625 0.020709325396825396 0.06630291005291006
0 0.3490203373015873 0.1357473544973545 0.019965277777777776 0.060515873015873016
0 0.5204613095238095 0.5492724867724867 0.02554563492063492 0.057539682539682536
0 0.29997519841269843 0.44246031746031744 0.021577380952380952 0.0701058201058201
0 0.3053075396825397 0.054563492063492064 0.024305555555555556 0.04828042328042328
0 0.21019345238095238 0.40575396825396826 0.018601190476190476 0.06415343915343916
0 0.21143353174603174 0.35466269841269843 0.031001984126984128 0.0248015873015873
0 0.23561507936507936 0.48396164021164023 0.017361111111111112 0.045965608465608467
0 0.27318948412698413 0.5259589947089947 0.021081349206349208 0.05787037037037037
0 0.19915674603174602 0.5062830687830688 0.023313492063492064 0.05423280423280423