1 0.5564814814814815 0.8768229166666667 0.19074074074074074 0.1140625
1 0.5902777777777778 0.3458333333333333 0.14537037037037037 0.08541666666666667
1 0.7050925925925926 0.9455729166666667 0.14166666666666666 0.0703125
1 0.8412037037037037 0.3296875 0.11018518518518519 0.06875
1 0.08333333333333333 0.49635416666666665 0.09444444444444444 0.057291666666666664
1 0.6291666666666667 0.25338541666666664 0.10277777777777777 0.0515625
1 0.7 0.4671875 0.09814814814814815 0.04791666666666667
1 0.3574074074074074 0.8197916666666667 0.07962962962962963 0.046875
1 0.02361111111111111 0.65859375 0.04722222222222222 0.0453125
1 0.4393518518518518 0.634375 0.06574074074074074 0.041666666666666664
1 0.4740740740740741 0.07395833333333333 0.08703703703703704 0.03958333333333333
1 0.04259259259259259 0.56640625 0.07407407407407407 0.03177083333333333
1 0.4125 0.19973958333333333 0.06018518518518518 0.03177083333333333
1 0.0412037037037037 0.6015625 0.06574074074074074 0.028125
1 0.1685185185185185 0.8184895833333333 0.04259259259259259 0.019270833333333334
1 0.1037037037037037 0.6721354166666667 0.04814814814814815 0.018229166666666668
1 0.5958333333333333 0.4171875 0.058333333333333334 0.017708333333333333
1 0.49166666666666664 0.7255208333333333 0.03333333333333333 0.016666666666666666