6 0.046549479166666664 0.8017578125 0.09309895833333333 0.103515625
6 0.6350911458333334 0.52099609375 0.23763020833333334 0.099609375
6 0.4117838541666667 0.514404296875 0.197265625 0.09228515625
4 0.5071614583333334 0.14990234375 0.21484375 0.060546875
6 0.6708984375 0.43115234375 0.14127604166666666 0.056640625
4 0.3203125 0.237060546875 0.15885416666666666 0.05029296875
4 0.8984375 0.2783203125 0.08333333333333333 0.048828125
0 0.6227213541666666 0.044921875 0.111328125 0.0439453125
0 0.6507161458333334 0.030029296875 0.10481770833333333 0.04150390625
0 0.716796875 0.028564453125 0.11067708333333333 0.03857421875
0 0.826171875 0.0458984375 0.0859375 0.0380859375
0 0.3863932291666667 0.02783203125 0.050130208333333336 0.037109375
0 0.7356770833333334 0.078125 0.06640625 0.0302734375
0 0.7845052083333334 0.012939453125 0.07552083333333333 0.02587890625
4 0.6923828125 0.203125 0.099609375 0.04296875