0 0.7858072916666666 0.5419921875 0.4075520833333333 0.1640625
0 0.4231770833333333 0.578369140625 0.41015625 0.14990234375
0 0.6930338541666666 0.69189453125 0.11002604166666667 0.0712890625
0 0.11197916666666667 0.260009765625 0.17317708333333334 0.07080078125
4 0.3037109375 0.443359375 0.23502604166666666 0.06640625
0 0.031901041666666664 0.198486328125 0.06380208333333333 0.05712890625
0 0.5813802083333334 0.331298828125 0.1640625 0.05615234375
0 0.4716796875 0.3876953125 0.11653645833333333 0.0546875
0 0.556640625 0.36328125 0.15885416666666666 0.0546875
0 0.8912760416666666 0.343505859375 0.11848958333333333 0.05419921875
0 0.7884114583333334 0.364013671875 0.14322916666666666 0.05322265625
0 0.21842447916666666 0.2919921875 0.162109375 0.0517578125
0 0.3590494791666667 0.291748046875 0.14778645833333334 0.04931640625
0 0.6158854166666666 0.35498046875 0.16276041666666666 0.0478515625
0 0.7565104166666666 0.287109375 0.09765625 0.0439453125
0 0.158203125 0.313720703125 0.1640625 0.04248046875