3 0.7106119791666666 0.566650390625 0.3170572916666667 0.12353515625
3 0.6650390625 0.29931640625 0.13736979166666666 0.0966796875
3 0.8346354166666666 0.297607421875 0.08072916666666667 0.08544921875
3 0.8932291666666666 0.290283203125 0.0625 0.08447265625
3 0.7412109375 0.291015625 0.044921875 0.0703125
3 0.1689453125 0.28662109375 0.06315104166666667 0.068359375
3 0.4934895833333333 0.254638671875 0.057291666666666664 0.06787109375
3 0.9059244791666666 0.15234375 0.06575520833333333 0.064453125
3 0.9612630208333334 0.1640625 0.06315104166666667 0.060546875
3 0.2607421875 0.289794921875 0.041015625 0.06005859375
3 0.3196614583333333 0.28173828125 0.06901041666666667 0.0546875
3 0.13020833333333334 0.33349609375 0.08984375 0.037109375