2 0.6526692708333334 0.4638671875 0.07356770833333333 0.08984375
2 0.061848958333333336 0.659423828125 0.12369791666666667 0.08740234375
2 0.2786458333333333 0.43603515625 0.057291666666666664 0.07421875
2 0.7926432291666666 0.470458984375 0.060546875 0.07177734375
2 0.3046875 0.436279296875 0.03125 0.05712890625
2 0.33984375 0.438720703125 0.0390625 0.04833984375
2 0.0888671875 0.4462890625 0.055338541666666664 0.0478515625
2 0.14290364583333334 0.447265625 0.043619791666666664 0.044921875
2 0.212890625 0.421875 0.03515625 0.04296875
2 0.3125 0.38525390625 0.036458333333333336 0.04296875
2 0.18619791666666666 0.41015625 0.045572916666666664 0.0390625
2 0.020182291666666668 0.4482421875 0.040364583333333336 0.0380859375
2 0.5390625 0.706787109375 0.15494791666666666 0.10009765625