0 0.5751953125 0.387451171875 0.849609375 0.57763671875
0 0.4462890625 0.480224609375 0.6634114583333334 0.39013671875
0 0.6083984375 0.73779296875 0.16080729166666666 0.1748046875
0 0.8619791666666666 0.37646484375 0.2747395833333333 0.14453125
0 0.044596354166666664 0.6572265625 0.07486979166666667 0.1142578125
4 0.5081380208333334 0.81640625 0.12955729166666666 0.0966796875
0 0.1025390625 0.774169921875 0.055338541666666664 0.09619140625
0 0.4228515625 0.66162109375 0.051432291666666664 0.09375
0 0.9723307291666666 0.3173828125 0.055338541666666664 0.08984375
0 0.4212239583333333 0.703369140625 0.09505208333333333 0.07958984375
0 0.18229166666666666 0.774169921875 0.09114583333333333 0.06103515625
0 0.18880208333333334 0.728271484375 0.0859375 0.06005859375
0 0.6481119791666666 0.641357421875 0.126953125 0.04833984375
0 0.012369791666666666 0.760009765625 0.024739583333333332 0.04443359375
0 0.7932942708333334 0.191650390625 0.4134114583333333 0.21923828125