0 0.8618551587301587 0.5728339947089947 0.10813492063492064 0.05241402116402116
0 0.8526165674603174 0.5441468253968254 0.045510912698412696 0.059854497354497355
0 0.7779637896825397 0.3365575396825397 0.05592757936507937 0.0679563492063492
0 0.9400421626984127 0.38492063492063494 0.07254464285714286 0.04431216931216931
0 0.8870287698412699 0.416005291005291 0.04389880952380952 0.05357142857142857
0 0.6362227182539683 0.41104497354497355 0.0923859126984127 0.06084656084656084
0 0.5643601190476191 0.4489087301587302 0.10739087301587301 0.15575396825396826
0 0.6422991071428571 0.5121527777777778 0.038566468253968256 0.06861772486772487
0 0.5130828373015873 0.453207671957672 0.09858630952380952 0.059854497354497355
0 0.40730406746031744 0.4142691798941799 0.09337797619047619 0.042162698412698416
0 0.4383680555555556 0.3861607142857143 0.07118055555555555 0.04943783068783069
0 0.4118923611111111 0.35185185185185186 0.06138392857142857 0.046957671957671955
0 0.3077256944444444 0.3599537037037037 0.08717757936507936 0.044642857142857144
0 0.2976190476190476 0.31812169312169314 0.07787698412698413 0.056216931216931214
0 0.4419642857142857 0.4949570105820106 0.07341269841269842 0.04480820105820106
0 0.5640500992063492 0.5685350529100529 0.07304067460317461 0.06431878306878307
0 0.6953125 0.6714616402116402 0.07366071428571429 0.03869047619047619
0 0.6287202380952381 0.6967592592592593 0.06547619047619048 0.05026455026455026
0 0.5815972222222222 0.6412037037037037 0.05257936507936508 0.0582010582010582
0 0.33203125 0.6243386243386243 0.06336805555555555 0.05423280423280423
0 0.29216269841269843 0.5123181216931217 0.06696428571428571 0.04447751322751323
0 0.28013392857142855 0.4695767195767196 0.07762896825396826 0.06746031746031746
0 0.933655753968254 0.9635416666666666 0.08209325396825397 0.04348544973544974
0 0.896453373015873 0.9225363756613757 0.109375 0.07919973544973545
0 0.7800099206349206 0.9232804232804233 0.09623015873015874 0.07738095238095238
0 0.7059151785714286 0.8800429894179894 0.1032986111111111 0.06365740740740741
0 0.1541418650793651 0.5362103174603174 0.061755952380952384 0.08234126984126984
0 0.04501488095238095 0.48578042328042326 0.08556547619047619 0.06878306878306878
0 0.06801835317460317 0.4310515873015873 0.08891369047619048 0.0539021164021164
0 0.22433035714285715 0.466848544973545 0.045882936507936505 0.051421957671957674
0 0.1613343253968254 0.4537037037037037 0.037450396825396824 0.03439153439153439
0 0.15110367063492064 0.39533730158730157 0.05716765873015873 0.026124338624338623
0 0.09840029761904762 0.3927744708994709 0.05493551587301587 0.028935185185185185
0 0.05406746031746032 0.3863260582010582 0.05257936507936508 0.0398478835978836
0 0.12369791666666667 0.3368055555555556 0.06634424603174603 0.04133597883597884
0 0.1909722222222222 0.3342427248677249 0.057539682539682536 0.052744708994709
0 0.13702876984126985 0.291005291005291 0.08159722222222222 0.05291005291005291
0 0.07490079365079365 0.2896825396825397 0.05109126984126984 0.031746031746031744
0 0.7472718253968254 0.6476521164021164 0.029265873015873016 0.0539021164021164
0 0.3529265873015873 0.3482142857142857 0.04712301587301587 0.02513227513227513
0 0.03608630952380952 0.23809523809523808 0.07217261904761904 0.09523809523809523
0 0.019717261904761904 0.36061507936507936 0.03943452380952381 0.07771164021164022
0 0.43712797619047616 0.2749669312169312 0.03695436507936508 0.04133597883597884
0 0.5257936507936508 0.3341600529100529 0.037698412698412696 0.018187830687830687