4 0.6669146825396826 0.5998677248677249 0.11011904761904762 0.3855820105820106
4 0.5673363095238095 0.6221891534391535 0.09449404761904762 0.3792989417989418
4 0.5474950396825397 0.19543650793650794 0.10143849206349206 0.3498677248677249
0 0.15612599206349206 0.9457671957671958 0.048859126984126984 0.07275132275132275
0 0.8286210317460317 0.9085648148148148 0.03422619047619048 0.05787037037037037
0 0.18725198412698413 0.8840939153439153 0.04017857142857143 0.03406084656084656
0 0.2208581349206349 0.8318452380952381 0.043402777777777776 0.03207671957671958
0 0.2468998015873016 0.7020502645502645 0.024553571428571428 0.027777777777777776
0 0.1847718253968254 0.5798611111111112 0.05109126984126984 0.022817460317460316
0 0.019965277777777776 0.5982142857142857 0.018105158730158732 0.016534391534391533
4 0.22569444444444445 0.4712301587301587 0.16071428571428573 0.210978835978836