2 0.6110026041666666 0.3974609375 0.13736979166666666 0.1220703125
2 0.8251953125 0.3427734375 0.06315104166666667 0.0830078125
2 0.13444010416666666 0.362060546875 0.09440104166666667 0.08251953125
2 0.20865885416666666 0.363037109375 0.046223958333333336 0.07763671875
2 0.7526041666666666 0.342529296875 0.06770833333333333 0.07373046875
2 0.4765625 0.37353515625 0.07942708333333333 0.0712890625
2 0.5179036458333334 0.626708984375 0.236328125 0.06005859375
2 0.8616536458333334 0.349365234375 0.037109375 0.05908203125
2 0.380859375 0.3837890625 0.049479166666666664 0.0439453125
2 0.3798828125 0.343017578125 0.029296875 0.03662109375
2 0.7021484375 0.350341796875 0.046223958333333336 0.02978515625
2 0.0888671875 0.326904296875 0.038411458333333336 0.02685546875
2 0.9791666666666666 0.37841796875 0.040364583333333336 0.021484375