1 0.31203703703703706 0.28411458333333334 0.09814814814814815 0.06510416666666667
1 0.3976851851851852 0.34348958333333335 0.10092592592592593 0.0546875
1 0.7148148148148148 0.30416666666666664 0.11296296296296296 0.04895833333333333
1 0.6939814814814815 0.6841145833333333 0.08425925925925926 0.04635416666666667
1 0.6523148148148148 0.36614583333333334 0.12314814814814815 0.04583333333333333
1 0.16203703703703703 0.46041666666666664 0.08148148148148149 0.04583333333333333
1 0.5254629629629629 0.09635416666666667 0.10462962962962963 0.04479166666666667
1 0.937037037037037 0.18072916666666666 0.11851851851851852 0.04375
1 0.12037037037037036 0.31953125 0.08703703703703704 0.043229166666666666
1 0.6166666666666667 0.2984375 0.06666666666666667 0.042708333333333334
1 0.8453703703703703 0.65625 0.06851851851851852 0.042708333333333334
1 0.8083333333333333 0.8041666666666667 0.09074074074074075 0.041666666666666664
1 0.11203703703703703 0.60390625 0.0962962962962963 0.0390625
1 0.11157407407407408 0.5544270833333333 0.09351851851851851 0.03802083333333333
1 0.27870370370370373 0.95703125 0.05555555555555555 0.03697916666666667
1 0.4601851851851852 0.8682291666666667 0.06296296296296296 0.035416666666666666
1 0.3731481481481482 0.22135416666666666 0.08148148148148149 0.034375
1 0.9453703703703704 0.7213541666666666 0.037037037037037035 0.034375
1 0.9004629629629629 0.7614583333333333 0.04351851851851852 0.034375
1 0.9879629629629629 0.21484375 0.024074074074074074 0.033854166666666664
1 0.9314814814814815 0.3098958333333333 0.07037037037037037 0.03333333333333333
1 0.3962962962962963 0.5114583333333333 0.07407407407407407 0.030208333333333334
1 0.5703703703703704 0.42942708333333335 0.07962962962962963 0.0296875
1 0.5648148148148148 0.9856770833333334 0.08703703703703704 0.028645833333333332
1 0.06944444444444445 0.40677083333333336 0.10555555555555556 0.025
1 0.4513888888888889 0.00703125 0.08055555555555556 0.0140625